84022,452907,87162,456117,-2597
183925,525568,186580,528268,-2301
832695,430283,834604,432331,-1595
80927,445626,82832,447588,-1579
829801,427047,831611,428916,-1512
835525,433915,837194,435650,-1422
80976,448898,82334,450298,-1069
82830,451677,83962,452845,-967
372266,29610,373247,30643,-767
840360,437137,841253,438022,-758
839455,436207,840315,437082,-714
88393,456913,89250,457716,-689
135534,651107,136291,651914,-669
19298,381668,20086,382467,-664
227569,368235,228491,369191,-662
828028,422956,828800,423761,-649
51254,11333,52067,12149,-648
106032,141474,106781,142248,-640
105097,140578,105787,141287,-611
826871,421730,827635,422545,-593
136542,655196,137215,655899,-544
831938,429668,832525,430259,-526
52109,12140,52734,12783,-504
837219,435670,837773,436230,-466
825538,418993,826106,419564,-444
834940,432555,835453,433079,-437
826282,421123,826794,421658,-433
841252,438503,841736,438982,-421
20572,382936,21012,383383,-391
135106,215193,135552,215626,-390
837930,424824,838376,425262,-384
829210,424201,829670,424692,-383
141750,658990,142293,659503,-381
838840,426345,839257,426794,-361
134622,214720,135052,215151,-322
831585,428961,831962,429340,-318
92859,502618,93266,503037,-311
838479,425670,838820,426034,-286
228752,369431,229039,369725,-253
130506,87930,130814,88252,-247
46395,201795,46673,202081,-228
827693,422599,827958,422877,-217
786619,18192,786897,18483,-211
67252,165407,67518,165671,-210
92551,502302,92816,502575,-208
832891,430884,833125,431161,-190
130233,87316,130436,87536,-187
139245,656462,139509,656743,-186
22929,18523,23152,18745,-181
834661,432378,834854,432571,-171
104854,140329,105066,140544,-167
839280,426826,839486,427025,-161
138946,656195,139159,656403,-160
46030,201414,46256,201641,-158
48070,200413,48278,200635,-151
48070,201077,48277,201301,-150
18315,8589,18477,8750,-149
434692,419184,434871,419374,-146
47483,200671,47676,200861,-144
66065,575993,66236,576178,-144
283897,443332,284067,443518,-142
213455,587301,213627,587465,-140
47052,200206,47227,200405,-140
129046,86485,129220,86657,-138
89685,456927,89859,457096,-134
121021,247936,121187,248119,-134
228520,369193,228687,369365,-133
139913,657172,140100,657351,-132
107203,140944,107379,141114,-131
826099,419765,826287,419955,-130
18621,8995,18777,9154,-130
265380,761389,265558,761570,-129
787249,18996,787406,19154,-128
44293,198197,44498,198388,-128
133016,650575,133207,650753,-126
47059,197686,47188,197821,-124
133016,649209,133172,649372,-123
46780,201789,46937,201951,-122
138275,372156,138432,372332,-119
179790,91240,179925,91370,-119
126020,238060,126175,238212,-118
779458,91239,779596,91370,-116
128824,86379,128961,86514,-115
18476,381507,18620,381644,-114
47059,654207,47188,654339,-112
787539,19301,787671,19430,-111
525844,243418,525972,243551,-110
121885,248254,122054,248403,-110
141166,658405,141332,658562,-109
107020,142315,107150,142445,-108
116540,203017,116655,203131,-107
787792,19568,787911,19682,-107
54522,11992,54653,12132,-104
15973,651107,16102,651256,-102
140872,658105,141002,658246,-102
105854,141331,105976,141459,-101
825376,418825,825501,418951,-99
66422,305206,66551,305325,-99
791575,409378,791707,409502,-99
67085,165288,67201,165408,-97
46733,202113,46886,202305,-96
53800,12004,53904,12113,-95
72,67,182,185,-95
273323,91771,273424,91872,-95
223092,40060,223194,40161,-95
226163,742317,226272,742438,-94
823509,656157,823635,656280,-94
140376,657637,140501,657752,-94
185583,527949,185689,528058,-93
829864,427704,829982,427813,-92
47273,201079,47386,201194,-92
163020,440216,163159,440360,-92
130567,88251,130692,88384,-92
47273,200415,47386,200525,-92
124114,40065,124208,40158,-92
46547,198098,46662,198214,-92
279331,129234,279425,129328,-91
1820,738850,1925,738952,-91
1820,737118,1925,737221,-91
1820,738068,1925,738173,-91
1820,735862,1925,735964,-91
830440,427108,830546,427224,-90
40487,200930,40594,201035,-90
40487,200610,40594,200715,-90
223104,120828,223199,120921,-89
223104,144857,223199,144950,-89
223104,38528,223199,38621,-89
186265,527281,186370,527383,-89
279330,258548,279420,258641,-89
33051,665312,33152,665413,-88
170645,631982,170734,632074,-88
279334,144856,279429,144950,-88
223104,129238,223196,129328,-88
223104,393567,223196,393657,-88
223104,597852,223196,597942,-88
223104,609998,223196,610094,-88
279334,597851,279426,597944,-88
223104,406221,223196,406311,-88
219633,738068,219741,738175,-87
279335,120828,279429,120921,-87
219633,738850,219741,738954,-87
279335,609998,279426,610096,-87
216599,661753,216696,661856,-87
786384,8574,786472,8668,-87
219633,735862,219741,735966,-87
210653,458197,210744,458289,-87
279330,406215,279426,406313,-87
279330,38522,279429,38621,-87
279335,40073,279424,40161,-87
279335,393567,279426,393659,-87
219633,737118,219729,737210,-87
170641,98009,170734,98101,-86
1822,631982,1911,632074,-86
170643,738850,170732,738939,-86
124122,258553,124212,258644,-86
170643,735862,170732,735951,-86
1822,661753,1916,661847,-86
170643,737118,170732,737207,-86
170643,738068,170732,738160,-86
179842,386989,179942,387090,-86
170645,661753,170732,661844,-86
163022,663700,163159,663830,-86
210657,460174,210756,460276,-86
210657,461883,210744,461970,-86
216599,737120,216687,737207,-86
216599,738070,216687,738160,-86
216599,738852,216687,738939,-86
216599,631982,216696,632080,-86
210657,457851,210744,457941,-86
223104,47781,223199,47881,-86
216599,735864,216687,735951,-86
219636,661753,219729,661847,-86
141586,658813,141682,658912,-85
11006,666331,11118,666452,-85
216594,98009,216688,98101,-85
1817,98009,1913,98103,-85
223104,408075,223196,408171,-85
124122,609998,124208,610089,-84
786995,18582,787101,18688,-84
170641,129234,170735,129329,-84
279335,408075,279431,408178,-84
279333,47779,279429,47881,-84
170641,663322,170734,663418,-84
779509,386989,779613,387090,-84
124122,129238,124208,129323,-84
124122,406221,124208,406306,-84
124122,393567,124208,393652,-84
216599,663326,216688,663418,-84
124122,38528,124208,38613,-84
1820,663324,1913,663420,-84
124122,120828,124208,120913,-84
124122,597852,124208,597937,-84
124122,144857,124208,144942,-84
150714,128573,150816,128680,-83
223104,258553,223191,258641,-83
219636,631982,219726,632072,-83
219631,663322,219726,663416,-82
216597,120723,216688,120816,-82
170644,120723,170734,120816,-82
1822,120724,1911,120816,-82
219634,408073,219726,408169,-82
216599,440308,216685,440397,-81
614843,587313,614930,587403,-81
223101,631979,223196,632074,-81
279328,205468,279437,205594,-81
117447,206452,117584,206594,-81
124122,47781,124208,47870,-81
1820,440306,1908,440397,-81
170640,258547,170728,258641,-81
170638,440300,170730,440397,-81
219626,47772,219726,47873,-81
210653,459139,210744,459239,-81
223104,205475,223196,205578,-81
45360,318652,45474,318761,-81
219629,98006,219726,98099,-81
124122,408075,124208,408166,-81
279324,98002,279424,98099,-80
216594,129234,216687,129326,-80
170644,144856,170734,144947,-80
10207,40251,10294,40346,-80
210657,462242,210744,462327,-80
216594,258549,216683,258641,-80
124119,631979,124208,632068,-80
100392,662386,100495,662486,-80
170644,597851,170734,597942,-80
33590,592106,33675,592191,-79
139756,657008,139859,657112,-79
219626,440299,219724,440397,-79
46565,200847,46662,200944,-79
170645,609998,170734,610094,-79
47936,200302,48026,200405,-79
170643,38526,170734,38618,-79
170645,393567,170734,393657,-79
170643,406219,170734,406311,-79
223244,662389,223327,662472,-79
56950,664085,57045,664179,-78
1822,40073,1918,40167,-78
129185,86379,129266,86462,-78
18823,9727,18916,9823,-78
373399,30671,373497,30771,-78
139254,741887,139356,741983,-78
28320,354768,28399,354847,-78
1817,129234,1911,129328,-78
216597,144856,216689,144948,-78
1817,258549,1906,258641,-78
216599,38528,216689,38619,-78
219636,120724,219726,120815,-78
124122,98012,124208,98095,-77
184936,530469,185015,530547,-77
1820,406219,1911,406311,-77
1822,609998,1911,610094,-77
128927,86859,129013,86946,-77
1822,393567,1910,393655,-77
216599,40073,216687,40161,-77
124118,735858,124208,735947,-77
216599,393567,216687,393655,-77
124118,737114,124208,737203,-77
124122,661753,124208,661840,-77
124119,663322,124208,663412,-77
170645,40073,170732,40161,-77
124122,205475,124208,205573,-77
124118,738845,124208,738935,-77
124118,738064,124208,738156,-77
48673,200411,48774,200503,-77
216599,406221,216688,406311,-77
65860,427059,65957,427155,-77
18195,16533,18298,16630,-77
1822,144857,1911,144947,-77
48673,201075,48774,201172,-77
141363,658586,141461,658690,-77
216599,609998,216688,610094,-77
279333,738068,279424,738160,-77
279333,738850,279424,738939,-77
279333,737118,279424,737207,-77
216597,597851,216688,597942,-77
279333,735862,279424,735951,-77
279331,663322,279424,663416,-77
1822,597852,1911,597942,-77
279335,661753,279424,661844,-77
279335,631982,279426,632076,-77
1820,38526,1911,38618,-77
210657,116528,210734,116608,-76
223104,98012,223194,98099,-76
273327,597190,273419,597292,-76
219636,40073,219728,40163,-76
223101,663322,223194,663416,-76
121368,149503,121464,149598,-76
836347,128597,836435,128689,-76
143926,662392,144011,662478,-76
398,662389,480,662474,-76
152775,662392,152852,662472,-76
139259,741411,139356,741505,-76
184064,529623,184169,529729,-76
223100,738064,223194,738160,-76
219634,393565,219724,393653,-76
223100,737114,223194,737207,-76
223100,735858,223194,735951,-76
223100,738845,223194,738939,-76
174338,194082,174422,194167,-76
121372,662392,121449,662472,-76
223104,661753,223194,661844,-76
219630,406215,219724,406307,-75
219625,258538,219722,258641,-75
170638,47773,170733,47874,-75
219630,38522,219724,38614,-75
170645,408075,170733,408170,-75
24781,194082,24867,194169,-75
828811,423957,828904,424051,-75
82687,450321,82787,450438,-75
386638,318734,386724,318819,-74
46826,198615,46914,198710,-74
219615,597834,219724,597938,-74
219636,609998,219724,610090,-74
133172,649409,133257,649494,-74
1820,47779,1910,47873,-74
185152,529643,185245,529744,-74
216599,408075,216687,408169,-74
219636,144857,219724,144943,-74
219636,129238,219724,129324,-74
1822,408075,1910,408169,-74
124122,440308,124208,440395,-74
216599,47781,216688,47875,-74
279333,440306,279420,440395,-74
210654,663964,210731,664045,-73
129303,86862,129401,86954,-73
163095,143302,163180,143390,-73
484661,662389,484735,662466,-73
223104,440308,223191,440395,-73
525986,243562,526078,243660,-73
170641,205471,170735,205579,-73
55615,12008,55703,12112,-73
828951,424072,829038,424156,-73
836355,223376,836430,223450,-72
836355,226049,836430,226123,-72
836355,372629,836430,372703,-72
836355,223124,836430,223198,-72
150111,149509,150188,149588,-72
836355,75355,836440,75440,-72
100389,75345,100473,75429,-72
143908,128584,144000,128680,-72
150111,128606,150188,128685,-72
152755,128584,152846,128680,-72
126068,604106,126147,604184,-72
158424,363296,158499,363370,-72
23669,20295,23756,20391,-72
151883,662389,151961,662466,-72
836355,149509,836438,149591,-72
143923,363083,144002,363167,-72
150107,662389,150182,662466,-72
254099,75355,254173,75432,-71
143926,306288,144006,306376,-71
152775,306288,152852,306376,-71
143925,361440,144000,361515,-71
223247,306288,223327,306376,-71
223247,363086,223323,363167,-71
163383,15463,163468,15549,-71
33061,403538,33135,403614,-71
121372,363086,121445,363167,-71
121369,363296,121443,363370,-71
121372,306288,121449,306376,-71
83656,453448,83744,453542,-71
517797,142126,517880,142219,-71
152775,363086,152848,363167,-71
151887,75355,151964,75432,-71
401,75354,473,75429,-71
401,608270,473,608345,-71
396,306282,491,306386,-71
32145,17707,32227,17789,-71
18196,15677,18271,15758,-71
402,363086,475,363167,-71
163374,15886,163461,15976,-70
223247,75355,223320,75429,-70
71032,602688,71114,602764,-70
71026,604101,71114,604184,-70
152773,223375,152846,223447,-70
150111,372629,150182,372700,-70
71036,238116,71114,238192,-70
150111,361441,150182,361515,-70
150745,361441,150816,361515,-70
396,372623,473,372700,-70
1820,205473,1911,205578,-70
151887,361441,151961,361515,-70
152775,361441,152846,361515,-70
143926,363299,144000,363370,-70
398,363296,473,363370,-70
152773,226048,152846,226120,-70
151887,226049,151961,226120,-70
402,361441,473,361515,-70
143926,223124,144000,223195,-70
402,149509,473,149583,-70
254084,434761,254170,434842,-70
143926,223376,144000,223447,-70
143926,226049,144000,226120,-70
254099,372629,254170,372700,-70
150111,223124,150182,223195,-70
254099,363299,254174,363375,-70
150111,223376,150182,223447,-70
150111,226049,150182,226120,-70
100399,128606,100490,128698,-70
150743,223123,150816,223195,-70
150743,223375,150816,223447,-70
150743,226048,150816,226120,-70
216599,205475,216687,205576,-70
151887,223124,151961,223195,-70
151887,223376,151961,223447,-70
152773,223123,152846,223195,-70
143926,372629,144000,372700,-70
158426,434769,158514,434851,-70
59264,597330,59344,597406,-70
18198,25920,18276,25997,-70
143926,608271,144000,608345,-70
18198,25690,18276,25768,-70
150745,662392,150831,662472,-70
150111,608271,150182,608345,-70
150745,608271,150816,608345,-70
151887,608271,151961,608345,-70
254099,226049,254170,226120,-70
254099,223376,254170,223447,-70
402,226049,473,226120,-70
402,223376,473,223447,-70
254099,223124,254170,223195,-70
210657,741670,210733,741752,-70
402,223124,473,223195,-70
254099,149509,254170,149583,-70
400,434769,473,434842,-70
152775,608271,152846,608345,-70
158428,608271,158499,608345,-70
100399,149509,100473,149583,-70
152775,434771,152846,434842,-70
150745,434771,150816,434842,-70
59264,597211,59348,597295,-70
150111,363086,150182,363164,-70
150111,363299,150182,363370,-70
150745,363086,150816,363164,-70
254097,363085,254170,363164,-70
150743,372628,150816,372700,-70
170860,746734,170941,746820,-70
150745,363299,150816,363370,-70
151887,372629,151961,372700,-70
151887,363086,151961,363164,-70
151887,363299,151965,363375,-70
152773,372628,152846,372700,-70
59264,91789,59344,91867,-70
254097,361440,254170,361515,-70
152775,363299,152846,363370,-70
143926,434771,144000,434842,-70
150111,434771,150182,434842,-70
151887,434771,151961,434842,-70
100399,223124,100473,223195,-70
158428,75355,158499,75429,-70
254099,128606,254170,128680,-70
484664,363299,484735,363370,-70
484664,363086,484735,363164,-70
223247,372629,223320,372700,-70
484664,361441,484740,361520,-70
223247,363299,223320,363370,-70
484664,226049,484735,226120,-70
484664,223376,484735,223447,-70
223247,361441,223320,361515,-70
484664,223124,484735,223195,-70
484664,149509,484735,149583,-70
158428,662392,158499,662466,-70
158428,223124,158499,223195,-70
18197,143316,18289,143405,-70
484664,128606,484735,128680,-70
100399,223376,100473,223447,-70
484664,372629,484735,372700,-70
121372,75355,121443,75429,-70
484664,434771,484735,434842,-70
484664,608271,484735,608345,-70
223247,608271,223320,608345,-70
121372,608271,121443,608345,-70
126066,602687,126147,602764,-70
121371,434769,121443,434842,-70
221346,662392,221432,662474,-70
121372,372629,121443,372700,-70
121372,361441,121443,361515,-70
223247,226049,223320,226120,-70
400,128604,473,128680,-70
121372,226049,121443,226120,-70
121372,223376,121443,223447,-70
158423,149503,158499,149583,-70
121372,223124,121443,223195,-70
121371,128604,121443,128680,-70
170865,118416,170945,118503,-70
836355,662392,836426,662466,-70
223247,434771,223320,434842,-70
223247,223376,223320,223447,-70
484664,75355,484735,75429,-70
223247,149509,223320,149583,-70
223247,223124,223320,223195,-70
143926,149509,144000,149583,-70
150745,149509,150816,149583,-70
100399,363086,100473,363164,-70
100399,363299,100473,363370,-70
100399,372629,100473,372700,-70
100399,361441,100473,361515,-70
836355,608271,836426,608345,-70
836353,363298,836426,363370,-70
836355,363086,836426,363164,-70
836355,361441,836429,361520,-70
46439,198618,46525,198710,-70
151887,149509,151961,149583,-70
152775,149509,152846,149583,-70
100399,226049,100473,226120,-70
151887,128606,151961,128680,-70
254099,608271,254170,608345,-70
176403,269252,176482,269331,-70
158428,363086,158499,363164,-70
158428,223376,158499,223447,-70
100399,608271,100473,608345,-70
26552,354483,26643,354580,-70
158428,226049,158499,226120,-70
254098,662390,254170,662466,-70
143926,75355,144000,75429,-70
150111,75355,150182,75429,-70
150745,75355,150816,75429,-70
158428,372629,158499,372700,-70
152775,75355,152846,75429,-70
100399,434771,100473,434842,-70
158426,128604,158499,128680,-70
223247,128606,223320,128680,-70
158428,361441,158499,361515,-70
176324,665314,176420,665411,-70
502199,16098,502269,16171,-69
502199,15901,502269,15971,-69
502196,15677,502269,15754,-69
502199,15467,502269,15537,-69
18199,16098,18271,16175,-69
31959,17531,32047,17623,-69
376062,595780,376137,595851,-69
18199,15901,18271,15975,-69
18199,15467,18271,15541,-69
29498,263129,29579,263210,-69
163026,15467,163099,15541,-69
163022,16095,163099,16175,-69
163026,15901,163099,15975,-69
34913,129271,35001,129361,-69
163022,15677,163099,15758,-69
23947,19178,24045,19271,-69
185140,525923,185226,526015,-69
100790,143315,100863,143386,-68
33590,520860,33664,520935,-68
163026,24004,163101,24084,-68
502199,145412,502274,145489,-68
100794,15901,100864,15972,-68
163022,25917,163100,25998,-68
67558,165668,67642,165750,-68
163386,24004,163456,24075,-68
84573,452520,84664,452612,-68
792612,24835,792687,24910,-68
163386,25692,163456,25763,-68
100794,16098,100864,16172,-68
378750,592104,378829,592188,-68
163383,16095,163461,16176,-68
100794,15681,100864,15755,-68
100778,15449,100864,15538,-68
10223,15677,10294,15751,-68
219636,205475,219724,205574,-67
15116,10832,15193,10910,-67
163016,16399,163103,16481,-67
502199,25922,502274,25997,-67
31609,17531,31709,17633,-67
163386,145412,163456,145484,-67
10219,25911,10294,25989,-67
14578,324476,14664,324564,-67
10219,25681,10294,25759,-67
46163,197843,46231,197911,-67
817652,24838,817724,24910,-67
163022,25687,163100,25769,-67
50497,201417,50591,201512,-67
40254,197686,40337,197770,-67
163022,145408,163096,145484,-67
163386,25922,163456,25992,-67
163386,15681,163461,15759,-67
116386,202659,116477,202750,-66
10227,24004,10294,24071,-66
10227,16098,10294,16168,-66
10227,15467,10294,15534,-66
10227,15901,10294,15968,-66
100794,25692,100863,25761,-66
100794,25922,100863,25991,-66
232674,10837,232747,10910,-66
18199,24004,18268,24073,-66
7392,324483,7470,324564,-66
100689,668377,100765,668450,-66
31781,17328,31867,17416,-66
18199,145412,18268,145483,-66
221343,363083,221427,363167,-66
185152,525736,185226,525821,-66
163371,143302,163456,143388,-66
100794,145412,100871,145489,-66
9110,324483,9188,324564,-66
130106,87187,130181,87262,-66
100794,24004,100863,24073,-66
10227,145412,10294,145481,-66
502199,24004,502269,24075,-66
502199,25692,502274,25768,-66
100395,306284,100473,306369,-66
502195,143315,502269,143388,-66
35670,592153,35753,592238,-65
264931,654562,265015,654646,-65
374882,30198,374961,30279,-65
158428,306288,158499,306369,-65
375303,30278,375375,30353,-65
221345,361440,221425,361515,-65
836355,306288,836426,306369,-65
140673,657902,140745,657978,-65
484664,306288,484735,306369,-65
33588,520319,33661,520395,-65
415500,587152,415578,587232,-65
748937,102,749007,177,-65
254099,306288,254170,306369,-65
151887,306288,151961,306369,-65
129046,86863,129128,86946,-65
767330,99,767404,177,-65
150745,306288,150831,306376,-65
150111,306288,150182,306369,-65
122382,248673,122458,248756,-65
502192,116774,502269,116854,-65
221346,434771,221425,434842,-64
835100,427108,835183,427192,-64
221346,363299,221425,363370,-64
122116,248320,122188,248395,-64
829868,432718,829951,432807,-64
59955,337246,60039,337335,-64
10227,143318,10294,143384,-64
221346,372629,221425,372700,-64
19580,382231,19647,382300,-64
121980,312210,122047,312276,-64
84197,453463,84275,453542,-64
231523,668379,231606,668462,-64
221346,128606,221425,128680,-64
163026,116783,163096,116854,-64
102188,455269,102268,455347,-64
221346,223376,221425,223447,-64
126066,619313,126147,619392,-64
210657,742716,210731,742802,-64
221346,149509,221425,149583,-64
210657,742477,210731,742561,-64
221346,223124,221425,223195,-64
31804,17717,31879,17790,-64
121611,248326,121678,248395,-64
32359,17718,32432,17789,-64
221346,75355,221425,75429,-64
221346,226049,221425,226120,-64
86403,305230,86476,305299,-64
817678,102,817744,170,-63
241952,264048,242018,264121,-63
264544,202009,264615,202081,-63
132868,650411,132950,650516,-63
122122,312210,122188,312275,-63
638012,253756,638083,253827,-63
121612,312210,121678,312275,-63
46795,194344,46861,194412,-63
163386,40271,163456,40350,-63
71031,619314,71114,619392,-63
163016,16530,163080,16594,-63
100794,116783,100863,116853,-63
18199,116783,18268,116853,-63
33590,591879,33658,591946,-63
46403,194344,46471,194412,-63
221346,608271,221424,608344,-63
174355,199452,174422,199521,-62
31630,17720,31699,17789,-62
31977,17718,32047,17789,-62
137867,372233,137950,372318,-62
47126,198461,47199,198539,-62
31806,17552,31878,17623,-62
28599,354768,28668,354843,-62
32361,17552,32432,17623,-62
612523,586596,612586,586665,-62
163105,40270,163179,40351,-62
218881,458171,218950,458243,-62
835100,427707,835189,427796,-62
155938,143944,156005,144009,-62
32157,17552,32227,17623,-62
163386,116783,163456,116854,-62
264698,194344,264767,194412,-62
248020,527998,248095,528071,-62
170136,607053,170214,607132,-62
260378,626022,260447,626095,-62
52754,11346,52820,11415,-62
122204,248534,122277,248620,-62
221355,306308,221431,306376,-61
18196,40267,18268,40348,-61
612502,253841,612582,253924,-61
10227,116783,10294,116851,-61
612520,588087,612582,588149,-61
167518,130800,167591,130874,-61
137195,371835,137264,371905,-61
218866,459103,218955,459189,-61
48848,11333,48910,11398,-61
638006,586711,638083,586784,-61
502193,40267,502269,40350,-61
185794,527808,185869,527893,-61
186118,527491,186200,527571,-61
30549,125915,30625,125992,-61
49200,11326,49266,11398,-61
184084,526859,184169,526938,-61
47126,198152,47189,198223,-61
21524,467223,21600,467295,-61
100794,40271,100863,40348,-61
49203,12719,49266,12783,-61
50364,11333,50431,11400,-61
378751,520860,378822,520935,-61
24797,199452,24878,199529,-61
84200,452535,84275,452612,-61
830440,432718,830529,432813,-61
829864,430279,829930,430349,-61
40254,654207,40316,654275,-61
824045,424155,824115,424236,-61
155938,21099,156002,21160,-60
184274,526853,184354,526928,-60
240701,455278,240774,455347,-60
28856,354768,28925,354842,-60
47126,200885,47188,200951,-60
219380,128643,219459,128722,-60
66440,455307,66523,455388,-60
32524,17888,32596,17960,-60
47059,329066,47120,329130,-60
829864,433911,829930,433979,-60
23570,20178,23654,20254,-60
218947,432266,219010,432331,-60
40242,200204,40336,200302,-60
40254,329066,40317,329134,-60
48842,12716,48910,12783,-60
133138,650854,133207,650921,-60
50364,12720,50429,12783,-60
185398,527237,185471,527314,-60
24862,656252,24939,656333,-60
50505,11265,50572,11334,-60
90746,458834,90828,458919,-59
231531,10850,231593,10914,-59
46039,11261,46111,11334,-59
832695,427108,832757,427172,-59
26552,221774,26630,221855,-59
124114,145403,124174,145466,-59
835525,430283,835593,430355,-59
115010,140325,115074,140392,-59
121612,248433,121678,248503,-59
230669,540232,230745,540313,-59
138693,655898,138772,655976,-59
336196,519713,336256,519773,-59
6287,313319,6351,313384,-59
830440,430283,830502,430349,-59
122122,248433,122189,248505,-59
832695,427707,832757,427771,-59
178649,143309,178710,143372,-59
835525,427707,835587,427771,-59
835525,427108,835587,427172,-59
232689,432267,232751,432331,-59
185401,527402,185469,527477,-59
219541,558376,219609,558452,-59
163092,84300,163162,84365,-59
219617,16390,219703,16475,-59
186313,248043,186385,248115,-58
221870,61179,221934,61247,-58
820566,530475,820645,530552,-58
165283,668387,165355,668463,-58
219380,738867,219459,738936,-58
219380,737135,219459,737204,-58
298788,636082,298853,636150,-58
820319,248041,820378,248099,-58
219380,631997,219459,632069,-58
830440,433915,830502,433979,-58
219380,738085,219459,738157,-58
219380,98027,219459,98096,-58
219380,735879,219459,735948,-58
219380,663344,219459,663413,-58
248020,248043,248083,248106,-58
51254,12720,51319,12783,-58
155934,145407,156002,145474,-58
638021,253862,638083,253924,-58
151095,530495,151160,530562,-58
638021,586596,638083,586658,-58
223096,145403,223157,145466,-58
43322,198633,43398,198710,-58
638021,588090,638083,588149,-58
33325,661366,33388,661431,-58
14810,149538,14893,149621,-58
219380,661772,219459,661841,-58
729184,586584,729268,586674,-58
729197,588087,729260,588149,-58
233165,668385,233226,668447,-58
248020,527660,248083,527722,-58
768531,381938,768593,382000,-58
221880,660644,221959,660725,-58
612523,586725,612582,586784,-58
100782,84298,100848,84365,-58
832695,433915,832763,433986,-58
219625,665043,219694,665116,-58
159058,590760,159130,590829,-57
219631,622409,219694,622473,-57
33465,91775,33527,91835,-57
178649,622409,178710,622469,-57
163017,143935,163086,144005,-57
100701,10850,100765,10913,-57
174351,311926,174418,311997,-57
155922,23989,156002,24064,-57
20247,381935,20311,382000,-57
26552,551581,26629,551665,-57
219633,143315,219691,143372,-57
47187,36340,47268,36408,-57
233166,432265,233229,432330,-57
185212,531057,185279,531130,-57
185709,527114,185781,527183,-57
219116,432267,219173,432328,-57
178649,665049,178710,665109,-57
163022,47776,163080,47836,-57
100784,665046,100848,665109,-57
165280,10846,165354,10927,-57
100783,16398,100851,16468,-57
112750,162487,112808,162545,-57
26552,221494,26630,221575,-57
26552,11966,26630,12050,-57
378751,591879,378817,591946,-56
163371,143919,163446,144005,-56
459563,614521,459624,614583,-56
219116,668387,219174,668451,-56
378751,520321,378819,520395,-56
10223,603349,10282,603408,-56
155926,146426,155992,146495,-56
233167,10850,233226,10910,-56
264941,194344,265013,194415,-56
139262,36304,139321,36366,-56
139692,31620,139757,31691,-56
246754,265920,246813,265977,-56
141066,658304,141141,658370,-56
140505,31622,140568,31691,-56
248020,530495,248077,530552,-56
23669,16539,23732,16601,-56
264941,202212,265005,202276,-56
163020,737015,163082,737081,-56
279328,15675,279387,15736,-56
279330,143939,279387,143995,-56
264941,201804,265005,201868,-56
219116,10850,219172,10910,-56
827891,327720,827963,327793,-56
185170,526150,185237,526222,-56
40356,36340,40436,36407,-56
100787,16535,100848,16594,-56
29498,270875,29578,270952,-56
100784,47773,100848,47836,-56
78638,455243,78718,455324,-56
184280,529643,184354,529719,-56
41975,198264,42050,198336,-56
43327,201855,43398,201927,-56
820321,527660,820378,527717,-56
24793,311926,24859,311997,-56
820321,527998,820378,528058,-56
820319,530494,820380,530554,-56
100787,622409,100848,622469,-56
185632,248043,185689,248099,-56
20347,382724,20425,382790,-56
225992,306241,226060,306319,-56
116327,205824,116387,205887,-56
820311,741890,820378,741957,-56
18196,143940,18259,144005,-56
170629,126451,170707,126531,-56
10223,143940,10287,144005,-56
229244,370006,229322,370083,-56
42692,198264,42770,198336,-56
34979,737870,35036,737927,-56
178639,116764,178707,116835,-56
15135,432267,15196,432330,-56
18833,287635,18903,287703,-56
729200,253768,729270,253834,-56
34574,615510,34635,615570,-56
23649,406194,23721,406272,-56
186313,530495,186370,530552,-56
185632,530495,185689,530552,-56
219636,20295,219697,20356,-56
185538,527111,185620,527184,-56
209988,555253,210054,555313,-56
786841,381938,786897,381997,-55
136271,654906,136333,654968,-55
18194,21094,18259,21160,-55
231530,432265,231589,432327,-55
163386,16408,163444,16468,-55
170641,143940,170697,143995,-55
163386,20295,163442,20351,-55
2630,417353,2688,417413,-55
10218,365402,10282,365464,-55
820309,741409,820378,741478,-55
12933,432267,12995,432330,-55
820587,527998,820645,528058,-55
14127,654906,14193,654973,-55
228493,324515,228549,324570,-55
219631,16530,219691,16594,-55
114968,203418,115028,203482,-55
132619,649130,132683,649191,-55
171634,654907,171699,654972,-55
155934,40069,155990,40125,-55
10212,258538,10279,258608,-55
820587,248043,820659,248112,-55
822267,102689,822334,102763,-55
166836,126461,166900,126524,-55
18195,16402,18257,16468,-55
218948,10850,219005,10910,-55
2460,654904,2524,654968,-55
163107,20295,163163,20351,-55
176422,589187,176482,589245,-55
820566,526649,820656,526738,-55
178471,590760,178529,590818,-55
44656,292679,44726,292748,-55
18195,603348,18254,603408,-55
22659,18192,22735,18261,-55
42541,292679,42611,292748,-55
219627,84300,219694,84369,-55
163098,557135,163162,557202,-55
155935,16095,156002,16158,-55
100794,20295,100849,20351,-55
178653,408073,178710,408130,-55
163098,557360,163162,557425,-55
176332,403537,176399,403605,-55
175476,403537,175543,403605,-55
163377,467514,163441,467579,-55
784811,98008,784866,98064,-55
170878,398711,170945,398779,-55
22814,18435,22888,18504,-55
159065,21099,159123,21154,-55
18199,20295,18255,20351,-55
163092,622403,163162,622469,-55
84584,453077,84650,453150,-55
219378,146455,219448,146528,-55
18195,440216,18254,440279,-55
178457,597824,178529,597903,-55
100791,408073,100848,408130,-55
163098,557502,163162,557567,-55
232689,668387,232747,668447,-55
820587,527660,820645,527717,-55
10212,467503,10282,467579,-55
178647,120819,178707,120880,-55
784074,24864,784130,24920,-55
174351,35325,174415,35391,-55
248322,606030,248386,606099,-55
10226,557144,10282,557202,-55
15135,668387,15193,668447,-55
10226,557369,10282,557425,-55
729200,253862,729260,253924,-55
166837,40267,166893,40323,-55
502193,590760,502250,590818,-55
178641,16527,178720,16604,-55
729200,586725,729260,586784,-55
10227,20295,10283,20351,-55
18191,28220,18252,28281,-55
23946,20617,24017,20688,-55
503307,146718,503365,146775,-55
10223,16404,10285,16468,-55
503307,144065,503365,144123,-55
503307,145124,503365,145184,-55
48570,35410,48626,35468,-55
783785,20291,783841,20346,-55
503307,148409,503365,148467,-55
503307,150965,503365,151026,-55
178459,40255,178531,40324,-55
170627,15667,170697,15736,-55
159062,143940,159123,143999,-55
218948,668387,219005,668447,-55
219636,603353,219701,603421,-55
116485,144966,116547,145025,-55
163022,665049,163080,665109,-55
502199,16408,502257,16468,-55
163025,408074,163080,408130,-55
502199,20295,502255,20351,-55
170884,26149,170960,26221,-55
10226,557511,10282,557567,-55
163022,663322,163077,663380,-55
820572,741408,820640,741474,-55
14513,142066,14569,142122,-55
18196,365406,18254,365464,-55
155938,15467,156002,15527,-54
155935,20292,155990,20346,-54
42544,741900,42619,741965,-54
248020,661244,248082,661308,-54
158622,520730,158677,520785,-54
155938,15901,156002,15961,-54
23665,557509,23733,557575,-54
216594,15677,216651,15736,-54
175477,665322,175543,665387,-54
18199,557512,18254,557567,-54
248014,741896,248077,741957,-54
155938,15681,156002,15744,-54
41878,36338,41949,36407,-54
10225,47779,10282,47836,-54
18197,408073,18254,408130,-54
22808,381935,22869,381997,-54
163386,557512,163441,557567,-54
23669,40271,23724,40326,-54
163386,557370,163441,557425,-54
820301,292667,820374,292736,-54
163386,557145,163441,557202,-54
829799,184861,829858,184923,-54
23665,557142,23724,557202,-54
18198,47779,18254,47836,-54
23669,47781,23734,47847,-54
23669,84310,23730,84371,-54
834537,668386,834600,668447,-54
155938,143318,156002,143377,-54
23653,408061,23734,408144,-54
10227,408075,10282,408130,-54
18194,84305,18254,84365,-54
23669,15467,23724,15522,-54
10223,84306,10282,84365,-54
163107,21099,163167,21160,-54
820587,527328,820649,527388,-54
20221,382583,20284,382646,-54
23665,557367,23724,557425,-54
163386,47781,163441,47836,-54
186307,661239,186375,661309,-54
23669,25922,23724,25977,-54
46659,197843,46726,197918,-54
163377,16527,163441,16594,-54
23939,20890,24016,20972,-54
163386,21099,163446,21160,-54
163022,38523,163077,38579,-54
835788,50437,835853,50503,-54
834535,10846,834600,10910,-54
32831,224195,32888,224251,-54
23669,25692,23724,25747,-54
155930,40261,156002,40331,-54
23669,16408,23724,16466,-54
163386,408075,163441,408130,-54
820576,741891,820640,741953,-54
163022,406216,163077,406272,-54
44122,197981,44214,198068,-54
163386,84310,163441,84365,-54
163386,365409,163441,365464,-54
23669,365409,23730,365470,-54
216594,143940,216651,143995,-54
279329,663698,279397,663768,-54
44657,248041,44712,248095,-54
155938,25692,156002,25752,-54
155938,25922,156002,25982,-54
24793,35325,24856,35391,-54
23669,15901,23724,15956,-54
42542,248041,42596,248095,-54
155930,116774,156002,116844,-54
163107,467521,163162,467579,-54
23669,24004,23724,24059,-54
155931,467515,155990,467576,-54
23669,15681,23724,15739,-54
23669,16098,23724,16153,-54
165283,432267,165342,432327,-54
178460,743516,178529,743589,-54
18199,557370,18254,557425,-54
10223,21096,10287,21160,-54
34913,205521,34971,205579,-54
163107,365409,163162,365464,-54
279324,40262,279387,40323,-54
219636,557512,219694,557571,-54
178656,25922,178710,25977,-54
163107,603353,163162,603408,-54
219636,467521,219694,467583,-54
163022,735859,163077,735916,-54
18196,98009,18251,98064,-54
163386,665054,163441,665109,-54
502199,84310,502253,84365,-54
502199,47781,502253,47836,-54
10223,16535,10282,16594,-54
178636,38509,178707,38579,-54
502199,21099,502259,21160,-54
502199,16539,502253,16594,-54
178652,47779,178710,47836,-54
783786,40070,783848,40133,-54
178656,40271,178710,40326,-54
502196,143940,502259,144005,-54
178652,84308,178710,84365,-54
241685,219919,241744,219978,-54
170882,107856,170941,107913,-54
171672,127293,171744,127362,-54
219636,365409,219694,365468,-54
783786,145408,783841,145466,-54
124117,20290,124174,20346,-54
817332,570933,817389,570989,-54
784811,143939,784866,143995,-54
107588,141392,107651,141455,-54
23669,622414,23730,622475,-54
166837,143940,166894,143996,-54
18197,622412,18254,622469,-54
10227,622414,10282,622469,-54
241936,8510,241997,8575,-54
163022,737115,163077,737172,-54
784811,15676,784866,15736,-54
163022,738065,163077,738125,-54
219636,557370,219694,557429,-54
18197,665052,18254,665109,-54
1803,737000,1874,737076,-54
219636,557145,219694,557206,-54
118822,660654,118889,660725,-54
12933,10850,12992,10910,-54
178636,16395,178710,16466,-54
502193,665046,502253,665109,-54
502193,622409,502253,622469,-54
502192,603347,502253,603408,-54
129093,38333,129158,38392,-54
502198,557510,502253,557567,-54
502198,557368,502253,557425,-54
502198,557143,502253,557202,-54
140166,31622,140227,31689,-54
502193,467515,502253,467579,-54
178656,15681,178710,15739,-54
502197,408073,502253,408130,-54
223090,663761,223157,663830,-54
502195,365405,502253,365464,-54
178656,15901,178710,15956,-54
178656,16098,178710,16153,-54
12933,668387,12992,668447,-54
178656,20295,178710,20350,-54
10227,665054,10282,665109,-54
178656,24004,178710,24059,-54
178656,15467,178710,15522,-54
178656,25692,178710,25747,-54
163022,738846,163077,738903,-54
23669,467521,23730,467585,-54
784811,258548,784866,258608,-54
139247,663544,139317,663621,-54
178656,145412,178710,145469,-54
792436,733670,792509,733736,-54
178656,365409,178710,365464,-54
219636,15901,219691,15956,-54
219636,25692,219691,25747,-54
100794,143944,100853,144005,-54
10226,149929,10291,149996,-54
100794,21099,100853,21160,-54
219636,25922,219691,25977,-54
224856,84767,224922,84842,-54
783784,631977,783848,632045,-54
396787,11322,396868,11403,-54
170882,322799,170941,322862,-54
326200,519720,326262,519783,-54
219636,15467,219691,15522,-54
178656,467521,178710,467579,-54
219636,40271,219691,40326,-54
219636,24004,219691,24059,-54
178648,557139,178710,557202,-54
178648,557364,178710,557425,-54
219636,16098,219691,16153,-54
178648,557506,178710,557567,-54
23669,665054,23730,665118,-54
178656,603353,178710,603408,-54
170629,603331,170697,603405,-54
155931,631975,155990,632037,-54
219630,15676,219691,15739,-54
238177,570933,238238,570994,-54
90837,458929,90913,459007,-54
100794,603353,100848,603408,-54
23669,143318,23724,143372,-54
378759,520564,378819,520630,-54
100794,557512,100848,557567,-54
100794,557370,100848,557425,-54
100794,557145,100848,557202,-54
141006,31622,141067,31689,-54
100794,467521,100848,467579,-54
219636,145412,219691,145469,-54
23669,145412,23724,145469,-54
163386,603353,163441,603408,-54
89953,457166,90036,457238,-54
18199,557145,18270,557217,-54
142966,520730,143025,520791,-54
18199,467521,18254,467579,-54
100699,432265,100762,432327,-54
163386,622414,163441,622469,-54
100794,365409,100848,365464,-54
23667,603352,23724,603408,-54
784812,440217,784866,440275,-54
173173,289213,173241,289288,-54
170882,308041,170941,308103,-54
10223,129234,10279,129289,-53
178470,603348,178539,603413,-53
163386,149930,163450,149996,-53
18196,258549,18251,258608,-53
248020,36306,248078,36367,-53
218894,598509,218958,598574,-53
170893,659142,170960,659219,-53
166832,21090,166894,21151,-53
163102,149925,163171,149996,-53
216582,28214,216651,28280,-53
18196,129234,18251,129289,-53
235395,632768,235469,632842,-53
248014,741416,248077,741478,-53
184962,292681,185020,292739,-53
166841,146441,166899,146499,-53
184962,656474,185027,656546,-53
166837,258549,166893,258608,-53
166837,129234,166893,129289,-53
155456,417353,155513,417413,-53
178653,28225,178708,28281,-53
184962,663568,185018,663626,-53
163383,661749,163438,661808,-53
184949,741408,185015,741474,-53
166837,15677,166893,15736,-53
163371,663686,163438,663755,-53
223092,735747,223157,735815,-53
170640,40265,170697,40323,-53
18199,149930,18263,149996,-53
251694,363266,251748,363320,-53
251401,363266,251455,363320,-53
248017,292678,248073,292736,-53
10207,126446,10279,126518,-53
209234,570933,209294,570994,-53
223095,20286,223157,20346,-53
166837,603349,166893,603405,-53
185628,741894,185693,741962,-53
219627,28217,219689,28281,-53
163383,609994,163438,610056,-53
34913,38561,34970,38618,-53
779177,654907,779239,654968,-53
55487,11917,55558,11992,-53
158643,35507,158705,35568,-53
100784,440300,100845,440360,-53
93282,570933,93340,570989,-53
47079,201448,47142,201514,-53
372201,29261,372263,29328,-53
34913,144890,34970,144947,-53
34913,120861,34970,120918,-53
151095,656474,151160,656542,-53
13815,38684,13888,38755,-53
823336,306124,823401,306191,-53
100787,663322,100845,663380,-53
139262,292678,139317,292736,-53
112292,162384,112362,162446,-53
787705,19450,787784,19528,-53
784810,28223,784881,28293,-53
820585,292678,820640,292736,-53
42543,656473,42608,656540,-53
784812,129234,784866,129289,-53
151095,526669,151161,526731,-53
463291,452076,463357,452136,-53
139915,658397,139988,658469,-53
146745,372900,146806,372964,-53
295027,653540,295100,653615,-53
44658,656473,44712,656530,-53
121224,91927,121281,91981,-53
34913,597885,34970,597942,-53
56947,81386,57016,81452,-53
34913,610035,34970,610094,-53
371823,29273,371878,29333,-53
65898,387177,65967,387245,-53
124116,735755,124174,735815,-53
48223,200898,48279,200956,-53
100784,28217,100846,28281,-53
34913,406254,34970,406311,-53
34913,393600,34970,393657,-53
820320,656473,820374,656530,-53
124114,663767,124174,663830,-53
159065,146441,159121,146495,-53
56983,365700,57042,365755,-53
100794,149930,100858,149996,-53
502199,149930,502263,149996,-53
184961,248041,185015,248095,-52
67701,165835,67761,165893,-52
44657,526668,44712,526721,-52
1817,143940,1874,143995,-52
44657,530494,44712,530547,-52
784807,84303,784866,84362,-52
47936,198474,47999,198539,-52
216599,663704,216661,663768,-52
124122,126466,124184,126531,-52
226408,656398,226466,656451,-52
117352,206342,117412,206400,-52
10226,144856,10279,144909,-52
820321,661244,820378,661303,-52
185632,292681,185685,292736,-52
186313,292681,186366,292736,-52
820321,663568,820374,663621,-52
42977,654345,43050,654416,-52
178474,98009,178529,98064,-52
124119,467518,124174,467576,-52
1803,146431,1874,146493,-52
121116,663568,121175,663629,-52
185632,36306,185689,36366,-52
783786,16095,783841,16150,-52
184962,36306,185015,36362,-52
820319,526668,820374,526721,-52
1803,735747,1874,735815,-52
223087,557130,223157,557199,-52
223087,557355,223157,557422,-52
223087,557497,223157,557564,-52
219629,590757,219687,590818,-52
42535,527651,42596,527713,-52
42535,527989,42596,528054,-52
42542,526668,42596,526721,-52
23657,663301,23721,663380,-52
820321,527328,820378,527383,-52
170641,28224,170697,28280,-52
42542,530494,42596,530547,-52
44650,527651,44712,527713,-52
125911,236163,125972,236225,-52
216582,603339,216651,603405,-52
186313,36306,186370,36366,-52
219380,440323,219453,440386,-52
44650,527989,44712,528054,-52
822384,102806,822447,102878,-52
166840,120723,166893,120776,-52
178466,622403,178531,622467,-52
100787,406216,100845,406272,-52
31978,17351,32037,17416,-52
32157,17351,32216,17416,-52
783784,467517,783841,467576,-52
100791,393565,100845,393618,-52
57751,116272,57813,116342,-52
170640,365405,170697,365461,-52
178653,393565,178707,393618,-52
219380,120740,219453,120802,-52
784812,590763,784866,590818,-52
100791,120826,100845,120880,-52
166840,597851,166893,597903,-52
100787,38523,100845,38579,-52
178647,406214,178707,406272,-52
784812,663772,784866,663830,-52
178474,440217,178531,440277,-52
784807,663316,784866,663380,-52
32361,17351,32422,17416,-52
170638,590760,170697,590818,-52
166840,557144,166893,557199,-52
166840,557369,166893,557422,-52
166840,557511,166893,557564,-52
170644,557144,170697,557199,-52
170644,557369,170697,557422,-52
170644,557511,170697,557564,-52
25301,158819,25356,158873,-52
31966,17159,32037,17229,-52
53479,11356,53535,11415,-52
783786,743531,783841,743589,-52
170644,149929,170697,149985,-52
46403,654570,46470,654641,-52
46787,654562,46860,654641,-52
124539,25130,124604,25197,-52
783784,120717,783848,120784,-52
124119,743531,124174,743589,-52
178461,126451,178529,126518,-52
178461,665035,178531,665107,-52
124119,16095,124174,16150,-52
48160,654509,48222,654577,-52
820585,36304,820640,36362,-52
264692,202207,264761,202274,-52
31629,17349,31689,17416,-52
42544,661244,42601,661304,-52
178471,116776,178529,116835,-52
166840,144856,166893,144909,-52
170641,663700,170707,663768,-52
44659,661244,44712,661300,-52
100786,738844,100845,738903,-52
100786,738063,100845,738125,-52
100786,737113,100845,737172,-52
100786,735857,100845,735916,-52
100787,737017,100849,737081,-52
44659,663568,44712,663621,-52
820321,36306,820386,36373,-52
784812,365406,784866,365461,-52
44659,741900,44712,741953,-52
817332,684428,817389,684489,-52
166840,149929,166893,149985,-52
42544,663568,42596,663621,-52
820587,661244,820640,661300,-52
163104,144855,163159,144909,-52
820587,656474,820640,656530,-52
10218,98002,10279,98064,-52
151095,527998,151150,528054,-52
33605,520567,33661,520630,-52
820587,663568,820640,663621,-52
151095,527660,151150,527713,-52
163104,597850,163159,597903,-52
240316,684428,240373,684489,-52
298207,141856,298269,141930,-52
42544,36306,42596,36362,-52
186313,526669,186366,526721,-52
141661,519673,141733,519745,-52
10211,597828,10279,597903,-52
152173,624729,152243,624805,-52
44659,36306,44712,36362,-52
235389,632232,235460,632302,-52
151095,248043,151150,248095,-52
248020,656474,248073,656530,-52
184962,527998,185015,528054,-52
359628,259530,359687,259594,-52
151095,36306,151150,36362,-52
159058,365402,159119,365461,-52
419300,116272,419362,116342,-52
163386,28228,163439,28281,-52
158622,663599,158683,663663,-52
139264,527998,139321,528058,-52
184962,527660,185015,527713,-52
151095,292681,151150,292736,-52
139264,527660,139321,527717,-52
152173,625299,152243,625378,-52
159059,98005,159119,98064,-52
279334,149929,279387,149985,-52
163107,28228,163160,28281,-52
842501,761475,842558,761542,-52
10225,28227,10280,28281,-52
185632,526669,185685,526721,-52
279334,557144,279387,557199,-52
163025,393566,163077,393618,-52
159062,440217,159119,440275,-52
279334,557369,279387,557422,-52
279334,557511,279387,557564,-52
248020,527328,248077,527383,-52
159057,467514,159119,467576,-52
152173,627194,152243,627270,-52
216599,126466,216661,126531,-52
279331,126462,279397,126531,-52
141166,657182,141223,657241,-52
18196,590763,18251,590818,-52
151095,661244,151150,661300,-52
151095,663568,151150,663621,-52
142966,663599,143021,663659,-52
152173,633088,152243,633164,-52
152173,631678,152243,631757,-52
152173,630824,152243,630902,-52
152173,629626,152243,629705,-52
152173,628800,152243,628876,-52
152173,628085,152243,628161,-52
151095,741900,151163,741969,-52
139264,530495,139321,530552,-52
139264,661244,139321,661303,-52
502196,28224,502251,28281,-52
185628,741414,185693,741483,-52
279329,25685,279387,25744,-52
163025,120827,163077,120880,-52
139264,526669,139317,526721,-52
219633,737023,219687,737076,-52
186313,663568,186366,663621,-52
219625,735745,219687,735815,-52
18196,663772,18251,663830,-52
1820,126464,1884,126531,-52
185626,661239,185689,661303,-52
155935,743531,155990,743589,-52
186309,741894,186370,741957,-52
10221,120717,10279,120776,-52
132600,71864,132653,71923,-52
163383,743531,163438,743589,-52
502196,440217,502253,440279,-52
186313,656474,186366,656530,-52
166827,15454,166893,15519,-52
185632,656474,185685,656530,-52
219629,663697,219701,663768,-52
47126,194351,47188,194416,-52
166837,25687,166893,25744,-52
166837,25917,166893,25974,-52
261152,626110,261220,626181,-52
184962,661244,185017,661301,-52
46596,200281,46662,200350,-52
184955,741893,185015,741953,-52
216594,40267,216651,40323,-52
833958,431438,834015,431498,-52
1820,663702,1884,663768,-52
159058,116776,159119,116835,-52
132598,372910,132653,372967,-52
23669,28228,23722,28281,-52
279331,28224,279387,28280,-52
502196,98009,502250,98064,-52
139264,248043,139321,248099,-52
155930,735853,155990,735916,-52
155930,738059,155990,738125,-52
155930,738840,155990,738903,-52
279329,25915,279387,25974,-52
248020,663568,248073,663621,-52
155930,737109,155990,737172,-52
16517,95150,16572,95207,-52
248020,526669,248073,526721,-52
34815,500401,34874,500462,-52
10221,663697,10279,663755,-52
1815,15675,1874,15736,-52
783789,735759,783841,735815,-51
783789,663775,783841,663830,-51
18197,393565,18251,393618,-51
784814,735862,784866,735916,-51
783789,661753,783848,661816,-51
784815,735759,784866,735815,-51
783789,737025,783841,737076,-51
783789,738852,783848,738911,-51
784813,665052,784866,665106,-51
783789,665054,783841,665106,-51
783786,663322,783848,663388,-51
784815,661753,784866,661808,-51
18198,406219,18251,406272,-51
783789,738070,783848,738133,-51
216599,84310,216651,84362,-51
216599,25922,216651,25974,-51
783789,737120,783848,737180,-51
1820,40269,1874,40323,-51
216599,20295,216651,20346,-51
783789,735864,783848,735924,-51
223101,16095,223157,16150,-51
219636,21099,219687,21150,-51
216597,149929,216651,149985,-51
784814,737118,784866,737172,-51
216599,590766,216651,590818,-51
216597,557511,216651,557564,-51
216597,557369,216651,557422,-51
23669,38528,23721,38579,-51
216597,557144,216651,557199,-51
216599,467521,216651,467576,-51
1820,16537,1874,16591,-51
1822,21099,1874,21150,-51
23669,40073,23721,40125,-51
1821,24002,1874,24056,-51
839474,273604,839530,273661,-51
1822,20295,1874,20346,-51
1820,25690,1874,25744,-51
1820,25920,1874,25974,-51
216599,146441,216651,146493,-51
1820,16406,1884,16474,-51
1820,365405,1874,365461,-51
216599,365409,216651,365461,-51
216599,143318,216651,143369,-51
216599,116783,216651,116835,-51
216599,622414,216651,622466,-51
216599,665054,216651,665106,-51
1817,28224,1874,28280,-51
784814,738068,784866,738125,-51
784814,738850,784866,738903,-51
784814,737023,784866,737076,-51
10225,38526,10279,38579,-51
784815,743534,784871,743593,-51
10227,40073,10279,40125,-51
18198,38526,18251,38579,-51
23669,258553,23721,258608,-51
18199,40073,18251,40125,-51
10225,406219,10279,406272,-51
217028,738884,217083,738940,-51
217028,738103,217083,738161,-51
217028,735896,217083,735952,-51
216599,737025,216651,737076,-51
216599,735759,216651,735815,-51
209234,684428,209292,684489,-51
217028,661789,217083,661845,-51
216599,743534,216651,743589,-51
217028,737153,217083,737208,-51
784813,143316,784866,143369,-51
218896,51764,218955,51824,-51
502199,631982,502250,632037,-51
502199,609998,502250,610056,-51
502198,597850,502250,597903,-51
502199,406221,502250,406272,-51
502197,393565,502250,393618,-51
502195,258547,502250,258608,-51
503974,150961,504033,151027,-51
503974,148405,504034,148470,-51
503976,146715,504033,146776,-51
23669,116783,23721,116835,-51
503974,145120,504035,145189,-51
503974,144061,504033,144124,-51
502199,146441,502250,146493,-51
502198,144855,502250,144909,-51
502196,129234,502250,129289,-51
502199,663326,502250,663380,-51
502199,661753,502250,661808,-51
502199,663775,502250,663830,-51
502199,735759,502250,735815,-51
783789,21099,783841,21150,-51
783786,16535,783841,16591,-51
783786,16404,783841,16463,-51
783789,15901,783841,15953,-51
643734,735244,643790,735300,-51
23669,129238,23721,129289,-51
502193,743528,502250,743589,-51
502193,126462,502250,126518,-51
23669,120724,23721,120776,-51
23669,120828,23721,120880,-51
18197,120826,18251,120880,-51
502199,738070,502250,738125,-51
502199,737120,502250,737172,-51
502199,737025,502255,737081,-51
18196,126462,18251,126518,-51
502199,735864,502250,735916,-51
502199,738852,502250,738903,-51
502197,120826,502250,120880,-51
502199,120724,502250,120776,-51
1822,116783,1874,116835,-51
279335,145412,279387,145466,-51
279335,146441,279387,146493,-51
279335,143318,279387,143369,-51
279330,116775,279387,116835,-51
279331,84306,279387,84362,-51
1820,84308,1874,84362,-51
279335,24004,279387,24056,-51
23669,21099,23721,21150,-51
279335,21099,279387,21150,-51
279331,16535,279387,16591,-51
279335,20295,279387,20346,-51
279331,16404,279397,16474,-51
264546,194190,264602,194247,-51
279335,16098,279387,16150,-51
279335,15467,279387,15519,-51
264698,654570,264766,654641,-51
279335,15901,279387,15953,-51
783789,24004,783841,24056,-51
279331,365406,279387,365461,-51
279329,590758,279387,590818,-51
23669,98012,23721,98064,-51
219636,743534,219687,743589,-51
223101,743531,223157,743589,-51
502199,40073,502250,40125,-51
502199,38528,502250,38579,-51
241971,127289,242028,127350,-51
322732,667583,322800,667655,-51
279335,467521,279387,467576,-51
216599,25692,216651,25744,-51
279335,743534,279387,743589,-51
19179,19604,19249,19670,-51
279335,735759,279387,735815,-51
279333,737023,279387,737076,-51
279335,665054,279387,665106,-51
279335,622414,279387,622466,-51
279331,603349,279387,603405,-51
238173,684424,238235,684489,-51
784815,631982,784866,632037,-51
783789,25692,783841,25744,-51
784815,20295,784866,20346,-51
223104,126466,223167,126531,-51
784815,467521,784866,467576,-51
783789,440308,783848,440368,-51
219630,143939,219687,143995,-51
219636,146441,219687,146493,-51
784813,408073,784866,408127,-51
23665,144854,23721,144909,-51
784811,406215,784866,406272,-51
783789,408075,783841,408127,-51
783789,406221,783848,406281,-51
219636,149930,219692,149991,-51
784813,393565,784866,393618,-51
783789,393567,783848,393627,-51
783789,365409,783841,365461,-51
783789,258553,783848,258616,-51
783789,557145,783841,557199,-51
23669,143944,23721,143995,-51
783789,557370,783841,557422,-51
219636,126466,219687,126518,-51
784807,622406,784866,622466,-51
23669,149930,23724,149989,-51
783789,622414,783841,622466,-51
784815,609998,784866,610056,-51
783789,609998,783848,610064,-51
784812,603349,784866,603405,-51
784815,597852,784866,597903,-51
23657,146431,23721,146493,-51
783789,603353,783841,603405,-51
783789,590766,783843,590819,-51
219636,116783,219687,116835,-51
784815,557512,784866,557564,-51
784815,557370,784866,557422,-51
1822,149930,1874,149985,-51
784815,557145,784866,557199,-51
783789,557512,783841,557564,-51
783789,597852,783848,597912,-51
784815,149930,784866,149985,-51
783789,149930,783841,149985,-51
784815,146441,784866,146493,-51
784811,38522,784866,38579,-51
1822,143318,1874,143369,-51
784815,40073,784866,40125,-51
783789,38528,783848,38588,-51
783789,28228,783841,28280,-51
784810,25914,784866,25974,-51
23667,126465,23721,126518,-51
783784,40265,783841,40323,-51
784810,25684,784866,25744,-51
784815,21099,784866,21150,-51
784812,16535,784866,16591,-51
784812,16404,784866,16463,-51
784815,16098,784866,16150,-51
784815,15901,784866,15953,-51
784815,15467,784866,15519,-51
223101,467518,223157,467576,-51
784815,24004,784866,24056,-51
783789,25922,783841,25974,-51
783789,47781,783841,47833,-51
784814,47779,784866,47833,-51
784815,144857,784866,144909,-51
784815,145412,784866,145466,-51
783789,144857,783848,144917,-51
783788,146439,783841,146493,-51
783789,143944,783841,143995,-51
783789,143318,783841,143369,-51
784813,120826,784866,120880,-51
784812,40267,784866,40323,-51
784815,120724,784866,120776,-51
783789,120828,783848,120888,-51
783789,126466,783841,126518,-51
783789,129238,783848,129298,-51
784811,116775,784871,116839,-51
783779,116773,783841,116835,-51
783789,98012,783848,98072,-51
783786,84306,783841,84362,-51
784812,126462,784866,126518,-51
216599,24004,216651,24056,-51
178656,146441,178707,146493,-51
216599,16539,216651,16591,-51
34913,40106,34968,40161,-51
161036,197838,161091,197894,-51
57354,238139,57413,238201,-51
55245,11357,55303,11415,-51
155938,258553,155990,258608,-51
159061,258547,159119,258608,-51
163105,258552,163159,258608,-51
163386,258553,163438,258608,-51
155931,365402,155990,365461,-51
30629,86052,30690,86109,-51
155938,393567,155990,393618,-51
54269,11357,54324,11415,-51
53407,12730,53463,12784,-51
159063,393565,159119,393618,-51
155938,408075,155990,408127,-51
155938,406221,155990,406272,-51
159063,408073,159119,408127,-51
159065,406221,159119,406272,-51
155938,440308,155990,440360,-51
163386,440220,163441,440279,-51
155938,557145,155990,557199,-51
155938,557370,155990,557422,-51
155938,557512,155990,557564,-51
159064,557143,159119,557199,-51
159064,557368,159119,557422,-51
73877,25130,73942,25194,-51
159064,557510,159119,557564,-51
159065,149930,159119,149985,-51
163386,146441,163438,146493,-51
100794,144857,100845,144909,-51
155938,120828,155990,120880,-51
155938,126466,155992,126519,-51
155937,120722,155990,120776,-51
155938,129238,155990,129289,-51
100794,146441,100845,146493,-51
159065,120724,159119,120776,-51
159063,120826,159119,120880,-51
159065,126466,159121,126519,-51
159062,129234,159119,129289,-51
163107,126466,163159,126518,-51
163105,129237,163159,129289,-51
163094,120713,163159,120776,-51
163386,126466,163438,126518,-51
163386,129238,163438,129289,-51
155938,144857,155990,144909,-51
159061,143315,159119,143369,-51
100794,129238,100845,129289,-51
159065,145412,159119,145466,-51
100794,120724,100845,120776,-51
100794,126466,100845,126518,-51
159064,144855,159119,144909,-51
163107,146441,163159,146493,-51
100794,98012,100845,98064,-51
100794,40073,100845,40125,-51
155938,149930,156002,149994,-51
163386,98012,163438,98064,-51
155938,590766,155991,590820,-51
163386,590766,163438,590818,-51
159065,737025,159119,737076,-51
159065,737120,159119,737172,-51
159065,738070,159119,738125,-51
159065,738852,159119,738903,-51
163107,735759,163159,735815,-51
163107,735864,163159,735916,-51
163107,737120,163159,737172,-51
163107,738070,163159,738125,-51
163107,738852,163159,738903,-51
163386,735759,163438,735815,-51
163386,737025,163442,737081,-51
159065,743534,159119,743589,-51
163022,743531,163077,743589,-51
163107,743534,163159,743589,-51
166837,16404,166893,16463,-51
166837,16535,166893,16591,-51
166841,20295,166893,20346,-51
166841,15901,166893,15953,-51
166841,24004,166893,24056,-51
166841,16098,166893,16150,-51
170645,15901,170697,15953,-51
170641,16404,170707,16474,-51
170645,21099,170697,21150,-51
170645,15467,170697,15519,-51
170645,16098,170697,16150,-51
159065,735759,159119,735815,-51
163107,590766,163159,590818,-51
159065,735864,159119,735916,-51
155934,735757,155990,735815,-51
124122,365409,124174,365461,-51
155927,603345,155990,603405,-51
159065,603353,159119,603405,-51
159064,597850,159119,597903,-51
155938,609998,155990,610056,-51
159065,609998,159119,610056,-51
163026,609998,163077,610056,-51
163107,609998,163159,610056,-51
155938,622414,155990,622466,-51
159058,622409,159119,622466,-51
159065,631982,159119,632037,-51
163107,631982,163159,632037,-51
44659,741421,44712,741474,-51
163386,631982,163438,632037,-51
155935,663322,155990,663380,-51
155934,663771,155990,663830,-51
155938,661753,155990,661808,-51
42544,741421,42596,741474,-51
155938,665054,155990,665106,-51
159065,663326,159119,663380,-51
159058,663772,159119,663830,-51
159058,665049,159119,665106,-51
159065,661753,159119,661808,-51
163107,661753,163159,661808,-51
163386,663326,163438,663380,-51
155938,737025,155990,737076,-51
170641,16535,170697,16591,-51
163107,98012,163159,98064,-51
155938,98012,155990,98064,-51
124122,143944,124174,143995,-51
18194,663321,18251,663380,-51
18199,661753,18251,661808,-51
10223,663322,10279,663380,-51
10227,661753,10279,661808,-51
138886,200409,138941,200465,-51
138886,201073,138941,201132,-51
132796,214646,132867,214720,-51
1822,665054,1874,665106,-51
124121,146439,124174,146493,-51
23669,738852,23721,738903,-51
124122,143318,124174,143369,-51
124122,149930,124174,149985,-51
1822,743534,1874,743589,-51
132069,440296,132142,440362,-51
10227,743534,10279,743589,-51
124119,116779,124174,116835,-51
18199,743534,18251,743589,-51
124119,84306,124174,84362,-51
23669,631982,23721,632037,-51
136464,655322,136530,655386,-51
18199,631982,18251,632037,-51
10227,631982,10279,632037,-51
23669,743534,23721,743589,-51
124122,40271,124174,40323,-51
23669,738070,23721,738125,-51
124122,28228,124174,28280,-51
124122,737025,124174,737076,-51
23669,661753,23721,661808,-51
18198,735862,18251,735916,-51
18198,737023,18255,737081,-51
18199,735759,18251,735815,-51
10225,737023,10283,737081,-51
10225,738850,10279,738903,-51
18198,737118,18251,737172,-51
121104,292672,121169,292736,-51
18198,738068,18251,738125,-51
18198,738850,18251,738903,-51
23665,735755,23721,735815,-51
23669,735864,23721,735916,-51
124122,557145,124174,557199,-51
124122,557370,124174,557422,-51
124122,557512,124174,557564,-51
124122,590766,124174,590818,-51
10225,738068,10279,738125,-51
124122,603353,124174,603405,-51
10225,737118,10279,737172,-51
10225,735862,10279,735916,-51
10227,735759,10279,735815,-51
124122,622414,124174,622466,-51
121115,656473,121169,656530,-51
23669,737025,23721,737076,-51
23669,737120,23721,737172,-51
124122,665054,124174,665106,-51
23669,663704,23736,663770,-51
163022,98009,163077,98064,-51
124122,15901,124174,15953,-51
1822,622414,1874,622466,-51
155935,16535,155990,16591,-51
159062,15677,159119,15736,-51
159065,15467,159119,15519,-51
159065,15901,159119,15953,-51
159065,16098,159119,16150,-51
159065,16408,159119,16463,-51
159065,16539,159119,16591,-51
159065,20295,159119,20346,-51
159065,24004,159119,24056,-51
159065,25692,159119,25744,-51
159065,25922,159119,25974,-51
155938,38528,155990,38579,-51
155938,28228,155990,28280,-51
155938,47781,155990,47833,-51
159058,47773,159119,47833,-51
159062,28224,159119,28280,-51
159065,38528,159119,38579,-51
159065,40073,159119,40125,-51
159065,40271,159119,40323,-51
163022,40070,163077,40125,-51
163107,38528,163159,38579,-51
163386,40073,163438,40125,-51
155935,84306,155990,84362,-51
159065,84310,159119,84362,-51
100794,258553,100845,258608,-51
155935,16404,155990,16463,-51
124122,25922,124174,25974,-51
151095,741421,151161,741489,-51
10227,590766,10279,590818,-51
124122,25692,124174,25744,-51
124122,24004,124174,24056,-51
124122,21099,124174,21150,-51
124119,16535,124174,16591,-51
124119,16404,124184,16474,-51
124122,15681,124174,15736,-51
124122,15467,124174,15519,-51
107476,161893,107548,161959,-51
23669,609998,23721,610056,-51
18199,609998,18251,610056,-51
10227,609998,10279,610056,-51
100783,743527,100845,743589,-51
100794,735759,100845,735815,-51
93278,684424,93340,684489,-51
100794,661753,100845,661808,-51
100794,663775,100845,663830,-51
23665,597849,23721,597903,-51
100794,631982,100845,632037,-51
100794,609998,100845,610056,-51
100794,597852,100845,597903,-51
100794,590766,100845,590818,-51
150187,625607,150239,625665,-51
216599,15901,216651,15953,-51
1820,603351,1874,603405,-51
23669,590766,23721,590818,-51
1822,590766,1874,590818,-51
170645,20295,170697,20346,-51
155938,597852,155990,597903,-51
170643,25690,170697,25744,-51
47126,194190,47179,194247,-51
178656,440220,178710,440279,-51
166841,467521,166893,467576,-51
170645,467521,170697,467576,-51
178457,467501,178531,467577,-51
178476,557143,178531,557200,-51
178476,557368,178531,557423,-51
178476,557510,178531,557565,-51
166841,590766,166894,590820,-51
178656,590766,178707,590818,-51
178656,597852,178707,597903,-51
166828,609985,166893,610056,-51
178477,609998,178529,610056,-51
178656,609998,178707,610056,-51
170645,24004,170697,24056,-51
166841,631982,166893,632037,-51
170645,622414,170697,622466,-51
178477,631982,178529,632037,-51
178656,631982,178707,632037,-51
23669,440220,23724,440279,-51
166839,440306,166893,440360,-51
178475,408073,178531,408128,-51
178477,406221,178529,406272,-51
178473,143315,178531,143370,-51
178474,143940,178529,143995,-51
178476,144855,178529,144909,-51
178477,145412,178531,145467,-51
178656,143944,178707,143995,-51
178656,144857,178707,144909,-51
178477,149930,178531,149987,-51
178656,149930,178710,149989,-51
173390,250720,173458,250780,-51
166835,663770,166893,663830,-51
178473,258547,178529,258608,-51
175905,312060,175975,312136,-51
47936,198169,47989,198223,-51
166837,365406,166893,365461,-51
178459,365391,178531,365462,-51
166841,393567,166893,393618,-51
178475,393565,178529,393618,-51
166839,406219,166893,406272,-51
166841,408075,166893,408127,-51
1822,467521,1874,467576,-51
178656,258553,178707,258608,-51
178477,146441,178529,146493,-51
166841,665054,166893,665106,-51
166836,663317,166893,663380,-51
178652,735862,178707,735916,-51
28992,269254,29059,269329,-51
178652,737118,178707,737172,-51
178652,738068,178707,738125,-51
178652,738850,178707,738903,-51
166841,743534,166893,743589,-51
170645,743534,170697,743589,-51
178656,743534,178707,743589,-51
50948,11346,51002,11398,-51
49501,11346,49553,11398,-51
185632,663568,185684,663620,-51
26323,655883,26388,655951,-51
186309,741414,186370,741478,-51
184492,526877,184564,526944,-51
34574,616914,34634,616975,-51
23669,393567,23721,393618,-51
34336,616667,34394,616726,-51
216599,21099,216651,21150,-51
216599,16408,216661,16474,-51
178656,735759,178707,735815,-51
178652,737023,178707,737076,-51
178477,737025,178529,737076,-51
178477,735759,178529,735815,-51
10223,440217,10282,440279,-51
170636,665044,170697,665106,-51
178477,663326,178529,663380,-51
178477,663775,178529,663830,-51
178477,661753,178529,661808,-51
178656,663775,178707,663830,-51
178656,661753,178707,661808,-51
178652,663324,178707,663380,-51
166839,737023,166893,737076,-51
166841,661753,166893,661808,-51
166841,735759,166893,735815,-51
166839,737118,166893,737172,-51
166839,738068,166893,738125,-51
166839,738850,166893,738903,-51
170645,735759,170697,735815,-51
170643,737023,170697,737076,-51
178477,735864,178529,735916,-51
178477,737120,178529,737172,-51
178477,738070,178529,738125,-51
178477,738852,178529,738903,-51
166839,735862,166893,735916,-51
170645,146441,170697,146493,-51
166841,622414,166893,622466,-51
166841,40073,166893,40125,-51
178477,24004,178531,24057,-51
178477,120724,178529,120776,-51
170638,84300,170697,84362,-51
178477,15901,178531,15954,-51
178477,20295,178531,20348,-51
1822,557145,1874,557199,-51
166841,120828,166893,120880,-51
178477,25692,178531,25745,-51
170645,116783,170697,116835,-51
178477,25922,178531,25975,-51
166841,116783,166893,116835,-51
178656,21099,178707,21150,-51
178656,98012,178707,98064,-51
34917,211113,34971,211166,-51
166839,38526,166893,38579,-51
166839,28227,166896,28284,-51
30921,125915,30983,125974,-51
170645,145412,170697,145466,-51
1822,557370,1874,557422,-51
166839,47779,166893,47833,-51
1822,557512,1874,557564,-51
166837,98009,166893,98064,-51
178461,84300,178531,84363,-51
178474,28224,178531,28281,-51
178477,40073,178529,40125,-51
178477,38528,178529,38579,-51
178477,47781,178531,47834,-51
178656,40073,178707,40125,-51
166836,84304,166893,84362,-51
178477,16539,178531,16592,-51
178477,16408,178531,16464,-51
178477,15467,178531,15520,-51
178475,120826,178529,120880,-51
178641,129228,178707,129289,-51
178656,126466,178707,126518,-51
178656,120724,178707,120776,-51
166825,143295,166893,143369,-51
178469,21094,178529,21150,-51
178474,129234,178529,129289,-51
178474,15677,178531,15737,-51
170645,143318,170697,143369,-51
166841,145412,166893,145466,-51
178477,16098,178531,16151,-51
170643,25920,170697,25974,-51
163386,735864,163437,735915,-50
132084,665052,132138,665106,-50
217028,632015,217082,632072,-50
1822,15467,1873,15518,-50
34913,408108,34970,408171,-50
30629,23350,30692,23413,-50
223104,665054,223157,665106,-50
163386,737120,163437,737171,-50
163386,738070,163437,738124,-50
30629,256844,30683,256901,-50
163386,738852,163437,738902,-50
121114,526668,121169,526721,-50
121116,36306,121171,36363,-50
223104,590766,223157,590818,-50
30629,338199,30683,338249,-50
46606,194190,46660,194247,-50
18199,597852,18250,597902,-50
783789,15681,783840,15735,-50
223104,737025,223157,737076,-50
16521,97417,16572,97470,-50
216599,15467,216650,15518,-50
223104,440220,223157,440275,-50
47126,202010,47181,202070,-50
124616,324318,124666,324369,-50
216599,16098,216650,16149,-50
395443,15506,395501,15564,-50
396808,12730,396862,12783,-50
107690,141495,107758,141562,-50
132083,661746,132142,661810,-50
738017,684424,738073,684480,-50
46606,197755,46662,197814,-50
132084,622412,132138,622466,-50
132086,597851,132142,597906,-50
121116,527998,121169,528054,-50
132084,129235,132142,129292,-50
132084,120826,132142,120882,-50
132086,120723,132142,120778,-50
792641,102,792698,163,-50
128097,86526,128161,86589,-50
132086,40270,132138,40323,-50
132084,28225,132138,28280,-50
132086,144856,132142,144911,-50
132084,15678,132138,15736,-50
40336,200336,40395,200405,-50
50948,12730,51002,12783,-50
49501,12730,49553,12783,-50
185975,248043,186033,248106,-50
121116,661244,121169,661300,-50
28875,660772,28938,660844,-50
28618,660772,28680,660844,-50
121116,741900,121171,741954,-50
132084,143316,132138,143369,-50
132084,143941,132144,143999,-50
132085,149927,132138,149985,-50
125911,236449,125970,236508,-50
121114,530494,121169,530547,-50
30065,469464,30116,469519,-50
132086,557511,132138,557564,-50
132086,557369,132138,557422,-50
29504,506469,29561,506526,-50
132086,557144,132138,557199,-50
10227,393567,10278,393617,-50
126328,236260,126392,236326,-50
132084,408073,132138,408127,-50
125911,236651,125973,236716,-50
132084,393565,132142,393620,-50
223104,603353,223157,603405,-50
132084,258550,132142,258610,-50
25185,310870,25250,310929,-50
223104,622414,223157,622466,-50
10227,120828,10278,120879,-50
121116,527660,121169,527713,-50
91299,459322,91366,459382,-50
163386,406221,163437,406271,-50
48223,198474,48275,198527,-50
47936,197769,47988,197821,-50
163386,597852,163437,597902,-50
223101,116779,223157,116835,-50
163386,120724,163437,120775,-50
171694,125192,171755,125249,-50
163026,120724,163076,120775,-50
223104,365409,223157,365461,-50
223091,84299,223157,84362,-50
235389,626095,235456,626169,-50
240316,570933,240375,570994,-50
170738,463211,170808,463276,-50
1822,16098,1873,16149,-50
223104,28228,223157,28280,-50
163386,38528,163437,38578,-50
1822,15901,1873,15952,-50
163026,597852,163076,597902,-50
48223,200302,48277,200359,-50
174426,316840,174495,316910,-50
47936,200898,47988,200951,-50
18199,146441,18250,146492,-50
223145,211114,223196,211165,-50
163386,393567,163437,393617,-50
224856,258882,224918,258949,-50
223104,149930,223157,149985,-50
223104,143944,223157,143995,-50
221902,314510,221966,314581,-50
163107,40073,163158,40124,-50
223103,146439,223157,146493,-50
34913,47815,34970,47875,-50
170756,220824,170816,220884,-50
48223,197769,48275,197821,-50
64104,118416,64167,118493,-50
89547,459322,89614,459382,-50
163386,144857,163437,144908,-50
163026,144857,163076,144908,-50
48223,198169,48276,198224,-50
10227,146441,10278,146492,-50
783789,15467,783840,15518,-50
1822,145412,1873,145465,-50
42748,210027,42798,210077,-50
46606,654270,46668,654343,-50
223104,24004,223157,24056,-50
46606,198461,46662,198520,-50
824522,211819,824591,211889,-50
223101,16535,223157,16591,-50
223101,16404,223167,16474,-50
47936,654283,47988,654339,-50
223104,15467,223157,15519,-50
223104,21099,223157,21150,-50
48223,654283,48275,654339,-50
132087,15467,132138,15519,-49
121116,741421,121171,741475,-49
45155,209812,45219,209885,-49
516576,161916,516643,161977,-49
170882,271572,170934,271623,-49
6300,238139,6352,238193,-49
132085,16538,132138,16591,-49
132085,47780,132138,47833,-49
86418,50586,86482,50652,-49
132085,16407,132138,16463,-49
132087,21099,132144,21154,-49
132087,15901,132138,15953,-49
132087,20295,132138,20346,-49
132087,24004,132138,24056,-49
132087,25692,132138,25744,-49
132087,25922,132138,25974,-49
132085,38527,132142,38581,-49
132087,40073,132142,40127,-49
261144,632764,261207,632830,-49
817678,25011,817730,25066,-49
128382,86609,128448,86680,-49
132087,16098,132138,16150,-49
556066,325711,556130,325779,-49
32360,17168,32422,17229,-49
64105,746742,64167,746818,-49
315878,637611,315928,637663,-49
779559,635233,779623,635291,-49
46396,202207,46466,202276,-49
90321,459527,90376,459583,-49
56951,61163,57010,61223,-49
767330,25008,767386,25066,-49
30629,394775,30690,394835,-49
240316,10135,240367,10189,-49
748933,25008,748989,25066,-49
161053,363266,161109,363321,-49
738021,570933,738073,570983,-49
738021,10135,738073,10184,-49
323929,664270,323979,664323,-49
357925,10772,357994,10839,-49
223104,143318,223156,143368,-49
31805,17168,31867,17229,-49
62204,202943,62271,203012,-49
121557,247936,121613,247990,-49
90137,457335,90200,457393,-49
833743,431680,833798,431736,-49
264599,197841,264663,197911,-49
176359,658423,176423,658485,-49
65237,119393,65297,119466,-49
792641,25011,792693,25066,-49
125792,236089,125855,236155,-49
116485,224875,116549,224939,-49
40689,200336,40753,200405,-49
96720,586887,96777,586944,-49
132087,743534,132138,743589,-49
132085,663325,132142,663382,-49
212412,460195,212470,460261,-49
132087,365409,132138,365461,-49
132087,663775,132138,663830,-49
170878,103513,170934,103570,-49
132085,406220,132142,406275,-49
212412,461904,212470,461970,-49
115277,161916,115340,161977,-49
132087,631982,132142,632039,-49
212412,458223,212470,458289,-49
132087,440220,132138,440275,-49
128333,466981,128384,467034,-49
132087,735759,132138,735815,-49
132087,467521,132138,467576,-49
166836,596615,166888,596666,-49
132087,603353,132138,603405,-49
132087,590766,132138,590818,-49
29516,252568,29578,252638,-49
223104,40271,223156,40322,-49
56447,19097,56509,19158,-49
132087,609998,132142,610058,-49
212412,457873,212470,457941,-49
223104,15681,223156,15735,-49
49114,200336,49175,200405,-49
105,25011,157,25066,-49
223104,25692,223156,25743,-49
132085,84309,132138,84362,-49
132087,98012,132142,98066,-49
132087,116783,132138,116835,-49
132085,738851,132142,738905,-49
132085,738069,132142,738127,-49
223104,25922,223156,25973,-49
132087,126466,132150,126529,-49
132085,737119,132142,737174,-49
100307,140344,100374,140412,-49
14177,90813,14233,90869,-49
32156,17168,32216,17229,-49
132087,145412,132138,145466,-49
132087,146441,132138,146493,-49
223104,15901,223156,15952,-49
132085,735863,132142,735918,-49
430085,588087,430141,588141,-49
170878,590448,170934,590506,-49
291763,626030,291833,626103,-49
46406,198457,46471,198523,-48
78226,445632,78279,445685,-48
817332,10135,817383,10184,-48
121875,248463,121928,248520,-48
46406,654266,46471,654335,-48
57354,313334,57405,313384,-48
83671,453083,83724,453137,-48
71060,313334,71114,313384,-48
57354,602715,57405,602764,-48
42863,198096,42923,198153,-48
40635,198098,40690,198153,-48
56951,19614,57004,19665,-48
46798,654266,46861,654335,-48
31630,17169,31689,17229,-48
816715,31363,816776,31424,-48
827895,671304,827958,671366,-48
46798,198457,46861,198523,-48
93282,10135,93333,10184,-48
832240,238116,832293,238166,-48
832240,602691,832293,602742,-48
117115,206066,117172,206121,-48
86418,387736,86479,387791,-48
112320,202762,112375,202814,-48
44242,198098,44298,198153,-48
838391,425267,838452,425331,-48
40918,198098,40973,198153,-48
44650,527319,44712,527379,-48
125915,236331,125970,236391,-48
56307,637595,56363,637657,-48
48887,611070,48940,611125,-48
33589,571495,33655,571558,-48
33309,520624,33369,520692,-48
125911,236834,125970,236898,-48
42535,527319,42596,527379,-48
6300,604134,6351,604184,-48
249373,525381,249434,525452,-48
139264,527328,139321,527383,-48
140043,657681,140094,657731,-48
264692,201796,264761,201866,-48
219378,408089,219447,408153,-48
394757,209622,394807,209672,-48
238177,10135,238228,10184,-48
235605,427087,235673,427157,-48
235634,667379,235685,667429,-48
132085,737024,132136,737073,-48
249373,532718,249434,532775,-48
249373,546195,249434,546259,-48
161020,201531,161091,201604,-48
264544,198151,264604,198214,-48
367568,663379,367617,663428,-48
264546,198461,264604,198520,-48
23567,596164,23631,596229,-48
141006,305823,141059,305873,-48
264957,200574,265015,200631,-48
261151,632236,261210,632299,-48
264546,654270,264604,654332,-48
264957,198597,265017,198660,-48
279475,19614,279530,19666,-48
164145,98063,164200,98116,-48
219378,47795,219447,47856,-48
264546,197755,264604,197814,-48
264544,200884,264604,200944,-48
6300,602715,6351,602764,-48
151095,527328,151150,527379,-48
10223,596616,10273,596666,-48
264546,200289,264604,200350,-48
321865,3154,321930,3221,-48
279375,211114,279425,211165,-48
140505,305823,140558,305873,-48
264957,201243,265015,201298,-48
139694,305823,139747,305873,-48
209234,10135,209285,10184,-48
126072,429968,126125,430025,-48
217028,98044,217082,98099,-48
184499,529675,184564,529735,-48
179883,620418,179944,620478,-48
180333,97430,180395,97491,-48
180333,95166,180395,95227,-48
20499,382852,20559,382914,-48
210489,457873,210547,457940,-48
210489,458223,210547,458288,-48
210489,460195,210547,460260,-48
210489,461904,210547,461969,-48
140166,305823,140219,305873,-48
545401,81225,545459,81291,-48
212054,558053,212113,558112,-48
130467,87743,130521,87802,-48
217028,663361,217082,663416,-48
221885,404007,221948,404068,-47
181490,394019,181546,394073,-47
172756,626120,172804,626170,-47
34610,615225,34667,615283,-47
46803,200885,46861,200947,-47
61424,324321,61471,324369,-47
56974,365587,57040,365656,-47
30546,338301,30609,338362,-47
193599,81380,193660,81436,-47
57354,604134,57404,604183,-47
264810,198101,264875,198169,-47
33309,520389,33368,520456,-47
46803,200289,46861,200353,-47
264946,198459,265013,198526,-47
33309,519570,33368,519637,-47
46803,198152,46861,198217,-47
46803,197755,46861,197817,-47
19189,61163,19244,61216,-47
16525,31375,16590,31441,-47
33322,235995,33371,236044,-47
16506,457824,16572,457895,-47
3069,264029,3134,264094,-47
218881,460146,218949,460214,-47
49966,201307,50026,201374,-47
50253,201307,50313,201374,-47
839946,276429,839998,276482,-47
160238,743689,160297,743753,-47
835410,584158,835463,584216,-47
47126,654577,47187,654645,-47
823500,35651,823560,35715,-47
221894,101617,221948,101669,-47
24869,469388,24916,469438,-47
210577,566616,210640,566681,-47
246997,264178,247053,264235,-47
174428,127306,174480,127362,-47
212422,459189,212470,459239,-47
805125,514872,805177,514924,-47
41789,198096,41847,198153,-47
48215,197939,48268,197995,-47
223129,128995,223195,129065,-47
816721,660658,816788,660725,-47
170992,271645,171049,271702,-47
30918,338301,30983,338362,-47
683527,582402,683578,582449,-47
114484,142066,114543,142121,-47
688878,19028,688945,19091,-47
620246,105898,620307,105960,-47
394757,209840,394806,209893,-47
142897,92404,142949,92460,-47
153353,92404,153405,92460,-47
580135,98061,580202,98126,-47
121858,247936,121911,247990,-47
140432,657293,140483,657345,-47
18194,596614,18246,596666,-47
714710,737564,714758,737614,-47
122964,467226,123014,467275,-47
784810,596614,784861,596666,-47
16531,591679,16591,591742,-47
114087,140344,114137,140396,-47
131035,433484,131096,433542,-47
128383,86481,128448,86547,-47
484209,713554,484272,713620,-47
139011,469388,139062,469438,-47
446188,355231,446251,355290,-47
162932,92388,162997,92460,-47
779553,620418,779615,620478,-47
264946,654268,265013,654338,-47
232545,308492,232608,308562,-46
125556,236293,125611,236356,-46
394757,210006,394803,210053,-46
681463,582402,681510,582448,-46
219636,596619,219682,596666,-46
210500,459189,210551,459245,-46
506,211048,561,211101,-46
176414,518159,176474,518218,-46
128108,82082,128171,82147,-46
401653,148020,401710,148076,-46
14835,24857,14882,24904,-46
28204,200405,28263,200464,-46
28204,201069,28263,201131,-46
42028,210027,42081,210082,-46
430088,586725,430141,586776,-46
823383,35397,823433,35455,-46
22308,376815,22356,376863,-46
430088,253768,430141,253819,-46
432625,404202,432685,404268,-46
22515,469388,22562,469437,-46
430088,586596,430141,586649,-46
176209,312394,176266,312454,-46
261012,595772,261073,595828,-46
684535,582402,684582,582448,-46
264949,200885,265013,200950,-46
264949,200289,265013,200356,-46
264949,198152,265013,198220,-46
199495,582402,199544,582449,-46
264949,197755,265013,197820,-46
32541,17717,32591,17767,-46
65336,119480,65383,119527,-46
264701,654266,264766,654334,-46
210649,85731,210699,85782,-46
264701,198457,264766,198522,-46
101203,305229,101260,305280,-46
787835,664079,787893,664142,-46
201085,221806,201150,221875,-46
87997,451985,88056,452046,-46
365608,25405,365679,25479,-46
840232,56955,840283,57008,-46
394757,196966,394803,197013,-46
817671,149563,817718,149609,-46
792634,149563,792681,149609,-46
698916,370405,698980,370471,-46
188921,538160,188977,538225,-46
28216,654336,28264,654389,-46
33088,658423,33152,658485,-46
185433,527509,185495,527574,-46
33309,591650,33368,591718,-45
126341,236748,126391,236798,-45
26585,332653,26643,332716,-45
835525,434325,835587,434388,-45
131292,264086,131357,264148,-45
171979,656684,172040,656746,-45
183885,521153,183943,521221,-45
125792,236449,125851,236509,-45
34069,654904,34120,654956,-45
197396,324322,197442,324368,-45
118838,742475,118884,742523,-45
185975,661244,186032,661308,-45
46410,197755,46470,197816,-45
46410,198152,46470,198216,-45
131041,438083,131095,438134,-45
122218,248344,122277,248402,-45
185809,527144,185873,527212,-45
46410,200289,46470,200352,-45
22186,382231,22234,382279,-45
602080,367281,602132,367338,-45
46410,200885,46470,200946,-45
116552,384508,116600,384558,-45
63480,142517,63545,142580,-45
232561,570943,232615,570996,-45
234057,38690,234115,38752,-45
218885,462218,218949,462283,-45
218885,461856,218949,461923,-45
378161,665359,378212,665413,-45
218885,440487,218949,440555,-45
831552,430048,831611,430110,-45
419316,520873,419377,520940,-45
279359,128995,279423,129063,-45
40275,201448,40341,201512,-45
177003,258874,177059,258931,-45
264706,197755,264766,197816,-45
174426,125785,174480,125839,-45
235612,519556,235671,519618,-44
56270,662188,56332,662248,-44
113862,162487,113907,162532,-44
251761,100414,251818,100472,-44
251468,100414,251525,100472,-44
701403,741215,701457,741273,-44
714705,101375,714757,101432,-44
149173,102737,149235,102797,-44
816726,314508,816787,314572,-44
152552,102739,152612,102797,-44
714713,98947,714763,98998,-44
830694,429071,830755,429135,-44
161567,367281,161623,367340,-44
30466,748771,30513,748816,-44
835525,432718,835585,432785,-44
262822,595675,262867,595723,-44
475522,570977,475578,571038,-44
32831,223522,32876,223567,-44
32831,223270,32876,223315,-44
32831,223008,32876,223053,-44
229074,369719,229130,369785,-44
27830,198846,27883,198901,-44
784074,622737,784119,622785,-44
420228,106028,420288,106091,-44
559444,17916,559506,17976,-44
395694,325836,395744,325884,-44
784074,622330,784119,622374,-44
241776,197540,241828,197594,-44
787431,19213,787494,19273,-44
632339,404234,632403,404297,-44
16638,736121,16697,736182,-43
56986,365514,57045,365569,-43
835100,430283,835161,430348,-43
835102,433916,835161,433977,-43
159079,19203,159142,19266,-43
10091,750385,10151,750448,-43
783528,15506,783588,15564,-43
235607,370227,235671,370292,-43
232849,315229,232913,315295,-43
106919,363703,106983,363766,-43
180314,31363,180373,31421,-43
832695,432718,832756,432785,-43
432625,404362,432685,404428,-43
33324,93793,33386,93862,-42
33326,102561,33387,102624,-42
816734,99485,816795,99546,-42
124146,128995,124207,129060,-42
218907,85738,218967,85800,-42
242535,389406,242596,389470,-41