391,110836,687,111076,-163
1287,111159,1633,111383,-144
1120,98055,1253,98191,-62
1119,68249,1257,68373,-58
1112,198118,1275,198219,-56
1137,22446,1282,22626,-56
1094,156575,1294,156689,-54
1125,57536,1280,57680,-51
1137,74880,1265,75018,-51
1138,98592,1253,98725,-50
1138,163835,1253,163913,-50
1129,194884,1274,194998,-50
0,228,93,354,-49
1138,157645,1262,157873,-48
1138,147538,1266,147685,-48
1137,164603,1290,164760,-47
1138,140972,1262,141066,-47
1137,157078,1274,157203,-46
1119,185074,1265,185136,-45
1120,207768,1253,207818,-45
1120,20689,1262,20812,-45
1137,157351,1278,157408,-44
1138,197262,1275,197343,-44
1138,21059,1253,21186,-44
1138,156834,1275,156956,-43
1138,108085,1262,108179,-42
1138,193259,1253,193372,-42
1137,13552,1217,13727,-42
1137,59761,1257,59825,-41
1138,171202,1262,171264,-40
1138,64492,1253,64555,-40
1137,209163,1252,209228,-39
1138,97268,1253,97319,-38
1138,229520,1253,229561,-37
9406,148171,9481,148218,-36
1144,24819,1253,24899,-36
1138,143478,1253,143529,-35
1138,235974,1275,236038,-34
1813,111613,1849,111647,-34
10349,110912,10383,110946,-30
9758,103922,9789,103953,-29
5261,79218,5290,79251,-29
9403,188211,9433,188338,-29
9399,194880,9433,195024,-29
10167,57595,10199,57680,-28
10166,74928,10198,75018,-28
10168,59767,10200,59837,-28
1791,112708,1817,112734,-28
10161,68249,10193,68373,-28
1235,36505,1263,36624,-28
1137,184081,1217,184111,-28
1119,195455,1197,195489,-28
688,22487,722,22566,-28
696,161880,729,161912,-27
693,157131,722,157180,-27
688,157668,722,157834,-27
7488,50088,7514,50114,-27
8399,208240,8427,208265,-27
9404,229509,9434,229574,-27
10861,111623,10884,111646,-26
10557,157381,10582,157408,-26
9397,157700,9427,157866,-26
9394,195325,9434,195356,-26
476,115235,503,115262,-26
472,29982,502,30110,-26
0,179537,25,179591,-26
1126,96023,1198,96055,-26
10173,62103,10200,62128,-25
11669,208216,11700,208248,-25
10555,157693,10588,157767,-25
10173,194958,10200,195009,-25
10173,158485,10200,158510,-25
10172,146935,10199,146960,-25
1120,25201,1153,25232,-25
9397,193239,9427,193378,-25
7742,197296,7769,197354,-25
5062,245398,5091,245424,-25
1624,47530,1649,47554,-25
44,110917,66,110939,-25
10156,154477,10187,154509,-25
4524,244245,4555,244275,-24
1144,147392,1253,147417,-24
1144,147862,1253,147887,-24
1144,153929,1253,153954,-24
1144,216381,1253,216406,-24
1240,146935,1268,146960,-24
1240,158485,1268,158510,-24
1621,141616,1649,141645,-24
7489,49858,7515,49884,-24
1137,87489,1232,87512,-24
8393,8997,8420,9025,-24
9461,120869,9494,120896,-24
10167,22438,10193,22553,-24
10166,36561,10192,36704,-24
10564,64492,10593,64555,-24
10564,97268,10593,97319,-24
10565,197262,10594,197340,-24
10565,219770,10594,219805,-24
7746,36530,7769,36653,-24
1237,150247,1260,150276,-24
696,163836,721,163904,-24
696,196571,721,196595,-24
696,98592,721,98715,-24
687,74858,711,75008,-24
696,107743,721,107829,-24
696,143478,721,143502,-24
684,196996,715,197025,-24
696,197262,721,197286,-24
696,216391,721,216415,-24
695,20710,720,20744,-24
684,194935,721,195008,-24
696,13552,721,13576,-24
696,38298,721,38322,-24
696,97117,721,97141,-24
697,97268,722,97309,-24
697,108085,722,108130,-24
697,156892,722,156933,-24
697,179850,722,179874,-24
696,193921,721,193945,-24
696,219770,721,219794,-24
10161,207767,10187,207817,-23
9466,112679,9491,112703,-23
9407,48160,9434,48187,-23
9403,108075,9426,108140,-23
9404,74877,9427,74900,-23
9407,64492,9434,64539,-23
9404,143475,9434,143541,-23
10168,147528,10200,147651,-23
9397,98683,9427,98733,-23
10168,140978,10200,141053,-23
10554,196999,10582,197025,-23
10563,98592,10592,98705,-23
10563,143478,10592,143529,-23
10554,147573,10582,147664,-23
10564,156892,10593,156943,-23
10564,157138,10593,157189,-23
10564,171203,10593,171252,-23
10563,193260,10587,193315,-23
8405,137640,8427,137665,-23
10565,108085,10594,108172,-23
10564,163836,10593,163914,-23
10563,20710,10587,20765,-23
7738,194991,7765,195068,-23
1585,178106,1613,178129,-23
4052,78613,4080,78639,-23
0,2625,29,2745,-23
0,59266,29,59326,-23
0,66371,29,66433,-23
5252,121751,5281,121777,-23
0,141448,29,141499,-23
0,164162,29,164204,-23
0,229800,29,229850,-23
0,245034,29,245099,-23
0,247593,29,247658,-23
0,255563,29,255631,-23
0,131955,29,132004,-23
697,97895,722,97977,-23
697,59806,722,59838,-23
1120,219665,1168,219738,-23
1138,176341,1228,176364,-23
1138,30540,1165,30567,-23
1138,97118,1243,97142,-23
1137,161880,1242,161904,-23
1138,179850,1243,179874,-23
1235,196351,1263,196378,-23
691,199298,714,199330,-23
7747,22424,7774,22469,-22
8598,122782,8620,122807,-22
9394,57592,9422,57664,-22
9404,20614,9427,20682,-22
9404,171166,9427,171222,-22
9398,163819,9427,163894,-22
10558,188233,10579,188313,-22
10173,150246,10194,150267,-22
10168,171209,10199,171262,-22
10557,60829,10578,60852,-22
10565,119799,10589,119827,-22
6421,137873,6444,137925,-22
10162,20693,10188,20789,-22
5251,226324,5280,226353,-22
2906,93358,2938,93492,-22
3100,160876,3123,160904,-22
419,111126,444,111148,-22
1138,208410,1206,208434,-22
1192,161237,1253,161264,-22
1138,85397,1223,85422,-22
1138,105144,1253,105167,-22
1117,199299,1175,199330,-22
1166,26791,1258,26824,-22
1361,137139,1385,137166,-22
1473,135575,1496,135596,-22
1661,136559,1683,136585,-22
3560,230377,3588,230438,-22
3100,160517,3123,160545,-22
1137,197006,1227,197030,-22
8595,113801,8621,113830,-21
7495,124988,7515,125008,-21
7495,10419,7515,10440,-21
7750,68258,7770,68302,-21
7749,88099,7769,88121,-21
8016,72402,8043,72424,-21
8016,72779,8043,72801,-21
8016,72925,8043,72947,-21
8338,16937,8357,16960,-21
9396,201871,9421,201903,-21
10171,146069,10192,146089,-21
9407,246581,9434,246608,-21
9406,147538,9426,147590,-21
9406,158304,9426,158328,-21
9406,187538,9433,187561,-21
10167,40835,10187,40855,-21
4725,42386,4749,42408,-21
10173,57074,10194,57094,-21
10168,107804,10188,107840,-21
10173,158891,10200,158916,-21
10248,131328,10268,131348,-21
9394,36530,9422,36621,-21
4534,239289,4554,239308,-21
10173,5967,10194,5987,-21
3553,215658,3579,215693,-21
3558,246496,3579,246516,-21
183,225600,208,225627,-21
468,217946,495,217969,-21
683,68287,711,68359,-21
687,165229,711,165255,-21
686,36479,710,36528,-21
1129,23440,1152,23464,-21
1126,196794,1198,196824,-21
1138,188299,1168,188331,-21
1237,5967,1257,5987,-21
689,122569,719,122609,-21
1213,151073,1252,151095,-21
2906,207989,2933,208013,-21
1154,69576,1262,69603,-21
2170,251013,2190,251039,-21
1239,57075,1259,57095,-21
1239,146069,1259,146089,-21
2431,20195,2457,20215,-21
1226,154490,1255,154510,-21
1226,40836,1255,40856,-21
1138,158305,1158,158329,-21
1240,62103,1260,62123,-21
1236,248627,1255,248646,-20
3560,140791,3580,140837,-20
1236,110808,1255,110834,-20
1236,151378,1255,151404,-20
1369,245882,1389,245908,-20
1629,173192,1649,173212,-20
1665,206952,1684,206971,-20
2002,136181,2023,136201,-20
3465,145971,3491,145996,-20
3560,65846,3580,65871,-20
3560,227814,3580,227833,-20
5262,115367,5281,115386,-20
3560,243709,3580,243728,-20
3560,132294,3580,132314,-20
3558,223263,3579,223282,-20
4319,224680,4342,224703,-20
4719,43737,4738,43758,-20
4719,261091,4738,261112,-20
4788,262328,4812,262354,-20
5020,112215,5039,112234,-20
5262,94805,5281,94824,-20
1236,248380,1255,248399,-20
5262,124686,5281,124705,-20
5364,124264,5388,124290,-20
3560,241727,3580,241746,-20
1236,239929,1255,239948,-20
696,209923,715,209942,-20
697,23596,716,23615,-20
5510,228352,5531,228403,-20
697,25217,716,25236,-20
697,40841,716,40860,-20
697,60837,722,60858,-20
697,64492,716,64512,-20
697,85397,716,85416,-20
697,108496,716,108515,-20
697,108830,716,108849,-20
697,109498,716,109517,-20
697,119799,716,119818,-20
697,147649,716,147668,-20
697,148171,716,148190,-20
697,171202,716,171222,-20
697,176340,716,176359,-20
697,178959,722,178989,-20
697,209733,716,209752,-20
697,26538,722,26574,-20
696,24882,721,24913,-20
697,95351,722,95394,-20
696,162840,721,162861,-20
1119,64325,1147,64351,-20
1138,160518,1198,160537,-20
1138,160877,1198,160896,-20
1138,159171,1198,159191,-20
1234,238971,1253,238990,-20
1236,168075,1255,168096,-20
7244,77309,7266,77330,-20
10563,147872,10582,147891,-20
7750,57555,7770,57599,-20
10563,161880,10582,161899,-20
10563,179850,10582,179869,-20
10563,216391,10582,216410,-20
10565,22922,10584,22941,-20
10565,21173,10584,21193,-20
10565,196570,10584,196589,-20
10564,191936,10583,191964,-20
10565,23597,10584,23616,-20
10565,108496,10584,108515,-20
10565,108831,10584,108850,-20
10565,109157,10584,109176,-20
10565,109499,10584,109518,-20
10565,13552,10584,13571,-20
10565,22533,10584,22557,-20
10565,25217,10584,25236,-20
10565,70388,10589,70411,-20
10565,85397,10584,85416,-20
10565,164621,10584,164640,-20
10565,176341,10584,176360,-20
10565,193921,10584,193940,-20
10565,199311,10584,199330,-20
10565,209733,10584,209752,-20
10565,209923,10584,209942,-20
10565,239934,10589,239957,-20
696,22922,715,22941,-20
10563,148171,10582,148190,-20
7738,164591,7765,164620,-20
10563,97118,10582,97137,-20
10563,45081,10582,45100,-20
8026,31395,8049,31420,-20
8404,82024,8426,82043,-20
9397,164646,9422,164745,-20
9397,11101,9422,11124,-20
9396,11809,9421,11832,-20
9407,97895,9427,97959,-20
9396,156580,9421,156603,-20
9396,219467,9421,219490,-20
9407,151078,9427,151101,-20
9406,119799,9433,119827,-20
9406,70388,9431,70411,-20
9447,211250,9465,211268,-20
9461,183163,9482,183183,-20
9766,125389,9793,125413,-20
9949,125018,9969,125042,-20
10161,98686,10187,98725,-20
10161,209203,10187,209228,-20
10161,96017,10187,96042,-20
10161,185074,10187,185099,-20
10161,219153,10187,219178,-20
10168,184076,10188,184096,-20
10564,193072,10583,193091,-20
10564,238974,10583,238993,-20
10563,38299,10582,38318,-20
10564,40841,10583,40860,-20
10563,95607,10582,95627,-20
697,21173,716,21193,-20
697,109156,716,109175,-20
696,164621,715,164640,-20
0,89656,19,89675,-20
0,91350,19,91369,-20
0,92889,19,92908,-20
0,96112,19,96131,-20
0,99160,19,99179,-20
0,104982,19,105001,-20
0,105805,19,105824,-20
0,107141,19,107160,-20
0,107271,19,107290,-20
0,110565,19,110584,-20
0,113487,19,113506,-20
0,114814,19,114833,-20
0,114960,19,114979,-20
0,118063,19,118082,-20
0,118197,19,118216,-20
0,122221,19,122240,-20
0,130918,19,130937,-20
0,131053,19,131072,-20
0,131573,19,131592,-20
0,136656,19,136675,-20
0,140647,19,140666,-20
0,143126,19,143145,-20
0,143260,19,143279,-20
0,146592,19,146611,-20
0,146719,19,146738,-20
0,88255,19,88274,-20
0,149765,19,149784,-20
0,87010,19,87029,-20
0,73729,19,73748,-20
696,238976,715,238995,-20
0,33,19,52,-20
0,2185,19,2204,-20
0,3487,19,3506,-20
0,4087,19,4106,-20
0,4305,19,4324,-20
0,6115,19,6134,-20
0,6488,19,6507,-20
0,7522,19,7541,-20
0,8289,19,8308,-20
0,8757,19,8776,-20
0,12310,19,12329,-20
0,12478,19,12497,-20
0,15600,19,15619,-20
0,17051,19,17070,-20
0,17789,19,17808,-20
0,18279,19,18298,-20
0,25612,19,25631,-20
0,26940,19,26959,-20
0,31105,19,31124,-20
0,37954,19,37973,-20
0,38113,19,38132,-20
0,46218,19,46237,-20
0,62568,19,62587,-20
0,71855,19,71874,-20
0,85998,19,86017,-20
0,149893,19,149912,-20
0,86134,19,86153,-20
0,155131,19,155150,-20
0,250338,19,250357,-20
0,250470,19,250489,-20
0,252860,19,252879,-20
0,252991,19,253010,-20
0,257292,19,257311,-20
0,257972,19,257991,-20
0,258167,19,258186,-20
0,259242,19,259261,-20
0,259765,19,259784,-20
6,261286,25,261327,-20
178,83517,201,83539,-20
178,137595,201,137617,-20
477,87233,496,87252,-20
683,70376,711,70403,-20
696,207778,721,207808,-20
683,209200,711,209229,-20
683,233222,711,233248,-20
696,193072,715,193091,-20
696,45083,715,45102,-20
696,95608,715,95628,-20
696,147873,715,147892,-20
696,157390,715,157409,-20
696,193358,715,193378,-20
0,154996,19,155015,-20
696,25968,721,25993,-20
0,242584,19,242603,-20
0,240215,19,240234,-20
178,133384,201,133406,-20
0,189710,19,189729,-20
0,159082,19,159101,-20
0,237638,19,237657,-20
0,161837,19,161856,-20
0,165869,19,165888,-20
0,169660,19,169679,-20
0,173410,19,173429,-20
0,174218,19,174237,-20
0,185295,19,185314,-20
0,158302,19,158321,-20
0,193728,19,193747,-20
0,197392,19,197411,-20
0,197567,19,197586,-20
0,205216,19,205235,-20
0,201424,19,201443,-20
0,226548,19,226567,-20
0,208947,19,208966,-20
0,212628,19,212647,-20
0,237509,19,237528,-20
0,218944,19,218963,-20
0,223005,19,223024,-20
0,224805,19,224824,-20
0,224971,19,224990,-20
0,226860,19,226879,-20
0,227422,19,227441,-20
0,232519,19,232538,-20
0,235065,19,235084,-20
9403,201599,9421,201619,-19
9404,13207,9422,13225,-19
9335,155767,9354,155785,-19
8991,112361,9012,112382,-19
9404,53774,9422,53792,-19
6370,37405,6389,37431,-19
9404,207747,9422,207767,-19
9404,15951,9422,15969,-19
9404,164274,9422,164294,-19
8605,209415,8631,209439,-19
9397,157057,9422,157093,-19
9404,189893,9422,189921,-19
9407,95608,9427,95628,-19
8011,12516,8030,12539,-19
7241,175109,7266,175133,-19
8006,133666,8030,133688,-19
7750,69582,7774,69604,-19
7747,197563,7765,197586,-19
7747,195325,7765,195347,-19
7747,158300,7765,158323,-19
7747,6112,7765,6134,-19
7743,161875,7765,161894,-19
7743,98682,7765,98724,-19
7747,198179,7765,198210,-19
7489,182778,7509,182797,-19
6426,138322,6448,138341,-19
9406,21173,9426,21193,-19
8011,2550,8030,2572,-19
9404,37677,9427,37695,-19
10565,137681,10584,137702,-19
9556,35108,9575,35126,-19
6075,209415,6099,209434,-19
11955,256619,11981,256638,-19
11681,119998,11705,120019,-19
11644,257572,11667,257593,-19
10565,97895,10584,97921,-19
10565,195003,10592,195047,-19
10564,248997,10583,249016,-19
10564,107744,10582,107789,-19
10563,57555,10582,57648,-19
10563,57075,10587,57100,-19
10558,37314,10577,37375,-19
10555,36530,10579,36621,-19
10555,195599,10579,195623,-19
10168,164283,10188,164322,-19
10168,64498,10188,64555,-19
10168,216381,10188,216406,-19
10168,199643,10188,199667,-19
10168,162835,10188,162855,-19
10168,157823,10188,157848,-19
10168,153929,10188,153954,-19
10168,148496,10188,148521,-19
10168,148160,10188,148185,-19
10168,147862,10188,147887,-19
10168,147392,10188,147417,-19
10167,97872,10187,97894,-19
10167,229512,10187,229536,-19
10167,154851,10187,154877,-19
9737,61818,9759,61841,-19
9594,47832,9615,47854,-19
9404,122563,9422,122590,-19
5380,113157,5402,113177,-19
7747,196999,7765,197021,-19
5262,251283,5281,251302,-19
1138,187538,1198,187556,-19
1138,164455,1198,164473,-19
1138,25969,1198,25987,-19
1238,107455,1262,107473,-19
1138,161748,1198,161766,-19
1108,143837,1136,143855,-19
697,201621,716,201647,-19
697,188195,721,188273,-19
697,137682,716,137703,-19
697,248998,716,249017,-19
689,195329,712,195347,-19
697,34513,716,34539,-19
695,57555,714,57648,-19
1137,7000,1174,7019,-19
696,158873,721,158896,-19
686,146059,710,146084,-19
685,105142,711,105167,-19
568,231599,593,231620,-19
482,171802,501,171825,-19
475,213620,494,213638,-19
475,27773,494,27791,-19
178,190469,201,190495,-19
177,70088,200,70114,-19
183,239684,201,239702,-19
183,229028,201,229046,-19
183,129313,201,129331,-19
0,219106,19,219125,-19
5281,104606,5306,104630,-19
686,146925,710,146950,-19
1137,15954,1174,15973,-19
477,16995,496,17013,-19
1138,95608,1158,95628,-19
1137,95217,1174,95236,-19
5262,32355,5281,32373,-19
5262,20288,5291,20308,-19
5262,27917,5281,27935,-19
5262,209297,5281,209315,-19
5262,79534,5281,79552,-19
5262,76416,5291,76436,-19
5262,64947,5291,64967,-19
5262,42399,5291,42419,-19
5261,226103,5280,226121,-19
5262,202205,5281,202223,-19
5261,69221,5280,69239,-19
5252,142469,5277,142489,-19
4769,10976,4787,10998,-19
5262,76951,5286,76976,-19
4328,207277,4350,207297,-19
1138,179231,1175,179250,-19
4726,124212,4745,124229,-19
1239,14300,1263,14318,-19
1240,152371,1264,152389,-19
1240,156363,1264,156381,-19
1257,143837,1286,143855,-19
1138,248998,1175,249017,-19
4053,65153,4075,65174,-19
1650,135422,1679,135451,-19
2627,199065,2646,199083,-19
3148,80352,3166,80370,-19
3898,89926,3916,89944,-19
1560,204470,1577,204491,-19
9397,156918,9422,156943,-18
9404,197003,9422,197021,-18
9404,105149,9422,105167,-18
9404,95214,9422,95232,-18
9213,219388,9234,219410,-18
8839,184544,8856,184561,-18
8412,123800,8432,123818,-18
8039,77408,8062,77428,-18
8032,210243,8049,210260,-18
9397,193071,9422,193089,-18
8008,219921,8033,219946,-18
7961,250047,7978,250064,-18
7749,147075,7769,147097,-18
7749,118338,7769,118360,-18
7750,193260,7770,193340,-18
7747,157690,7765,157722,-18
7747,162831,7765,162854,-18
7746,25960,7764,25984,-18
8032,210060,8049,210077,-18
9403,59787,9421,59821,-18
10699,55727,10720,55746,-18
9406,96026,9426,96050,-18
7740,53774,7765,53792,-18
11897,164709,11919,164730,-18
11897,138229,11919,138250,-18
11897,130674,11919,130694,-18
11300,101860,11316,101876,-18
11252,73062,11274,73083,-18
11241,1776,11262,1796,-18
11252,83259,11274,83280,-18
10560,229537,10580,229562,-18
9403,219742,9421,219785,-18
10565,96026,10589,96050,-18
10554,162832,10578,162855,-18
10555,110806,10579,110835,-18
9954,155768,9972,155786,-18
9635,245882,9652,245900,-18
9635,137150,9652,137167,-18
9635,122292,9652,122312,-18
9635,130961,9652,130979,-18
9628,139658,9647,139677,-18
9567,3672,9585,3690,-18
10563,140972,10587,141008,-18
7740,13207,7765,13225,-18
5215,217584,5233,217601,-18
7650,236113,7673,236134,-18
1154,94349,1253,94369,-18
1154,94145,1253,94165,-18
1154,93965,1253,93985,-18
1154,93777,1253,93797,-18
1138,65565,1175,65587,-18
1154,65384,1253,65404,-18
1138,63926,1175,63948,-18
1138,63489,1175,63511,-18
1138,62942,1175,62964,-18
1138,33154,1175,33176,-18
1105,66525,1129,66550,-18
889,682,907,699,-18
697,189922,719,189940,-18
683,107443,711,107470,-18
523,112858,540,112874,-18
191,210251,208,210268,-18
178,77107,201,77130,-18
0,212766,19,212784,-18
7750,11107,7774,11127,-18
1154,157964,1253,157984,-18
1138,213362,1175,213384,-18
1138,41870,1175,41892,-18
1153,246575,1252,246595,-18
6548,223354,6566,223375,-18
1138,232136,1175,232158,-18
6359,243976,6375,243992,-18
6001,261047,6023,261069,-18
5380,196332,5413,196365,-18
5223,153419,5240,153435,-18
4734,60048,4750,60064,-18
4351,103668,4368,103685,-18
4288,74238,4311,74259,-18
4288,46820,4311,46841,-18
5215,187680,5233,187697,-18
4287,56048,4310,56070,-18
1368,130961,1385,130979,-18
1443,37273,1467,37297,-18
1443,125027,1467,125051,-18
2924,31246,2946,31264,-18
1368,122292,1385,122312,-18
3555,242314,3576,242346,-18
3586,26627,3610,26645,-18
3105,159183,3123,159200,-18
8605,85102,8621,85120,-17
8605,246104,8621,246120,-17
8604,140397,8620,140413,-17
8604,256893,8620,256911,-17
8604,211463,8620,211479,-17
8604,202817,8620,202833,-17
8604,200630,8620,200646,-17
8605,141283,8621,141301,-17
8604,121073,8620,121089,-17
8604,52545,8620,52561,-17
6483,129780,6508,129802,-17
8605,132459,8621,132475,-17
8412,170022,8427,170037,-17
8412,13382,8427,13397,-17
7743,200585,7765,200603,-17
7211,34548,7233,34569,-17
6953,115200,6971,115219,-17
6953,65948,6971,65966,-17
6548,114078,6566,114100,-17
6177,178745,6199,178766,-17
8605,53190,8621,53206,-17
8605,223359,8621,223375,-17
8605,193958,8621,193974,-17
11965,239675,11982,239691,-17
9178,116268,9196,116285,-17
6075,223359,6091,223375,-17
11965,249325,11982,249341,-17
11964,257176,11981,257192,-17
11965,231604,11982,231620,-17
11897,194012,11919,194032,-17
11897,158451,11919,158471,-17
11897,155861,11919,155881,-17
11897,154532,11919,154552,-17
11897,14630,11919,14650,-17
11818,199619,11840,199635,-17
8857,111290,8873,111306,-17
11655,157194,11677,157216,-17
10195,248091,10218,248113,-17
9898,104782,9914,104798,-17
9893,164725,9909,164744,-17
9899,104281,9915,104299,-17
9893,23439,9909,23458,-17
9892,68340,9908,68356,-17
9893,101825,9909,101841,-17
9879,187027,9902,187051,-17
9680,262658,9695,262673,-17
9635,129081,9652,129098,-17
11655,156947,11677,156969,-17
6075,202817,6091,202833,-17
6075,53190,6091,53206,-17
6075,52545,6091,52561,-17
2916,131764,2933,131780,-17
2431,206832,2448,206848,-17
2431,124915,2448,124931,-17
1671,251391,1692,251408,-17
1621,37909,1642,37929,-17
1396,179034,1413,179050,-17
1397,259941,1414,259957,-17
1269,109395,1289,109414,-17
1269,109063,1289,109082,-17
1269,108727,1289,108746,-17
2916,139559,2933,139575,-17
1269,108401,1289,108420,-17
576,9953,597,9970,-17
577,257735,593,257751,-17
577,257176,593,257192,-17
577,239675,593,239691,-17
577,256621,593,256637,-17
523,29326,544,29344,-17
482,218086,504,218107,-17
191,209983,208,210000,-17
188,136931,212,136948,-17
6075,132459,6091,132475,-17
1240,7786,1264,7806,-17
2915,24900,2932,24916,-17
577,249325,593,249341,-17
3364,114496,3389,114520,-17
3141,79336,3162,79358,-17
6075,193958,6091,193974,-17
6075,140397,6091,140413,-17
6075,140017,6091,140033,-17
5490,250042,5508,250064,-17
5262,171414,5286,171438,-17
4712,45935,4732,45951,-17
4497,112324,4516,112341,-17
6075,219394,6091,219410,-17
4351,179970,4368,179990,-17
5646,199153,5667,199169,-17
3906,207889,3921,207904,-17
3505,180046,3523,180063,-17
4351,89962,4368,89978,-17
3514,111624,3535,111647,-17
3560,15106,3576,15122,-17
3560,133396,3576,133412,-17
3560,254321,3576,254337,-17
3558,1855,3575,1871,-17
3882,46820,3905,46841,-17
3882,74238,3905,74259,-17
3560,244935,3576,244951,-17
10135,198957,10152,198973,-16
10171,7000,10186,7015,-16
10173,110685,10188,110700,-16
10173,195609,10188,195624,-16
10173,40115,10188,40130,-16
10173,163901,10188,163916,-16
10173,13211,10188,13226,-16
10173,197006,10188,197021,-16
10173,218231,10188,218246,-16
10173,14301,10188,14316,-16
10173,15954,10188,15969,-16
9546,106659,9565,106678,-16
10173,195332,10188,195347,-16
9406,254773,9421,254790,-16
9407,232137,9422,232152,-16
9406,158891,9421,158906,-16
9406,152372,9421,152387,-16
9406,57075,9421,57090,-16
9406,26539,9421,26554,-16
9406,19407,9421,19422,-16
9407,95389,9422,95406,-16
9407,248631,9422,248646,-16
9407,248385,9422,248400,-16
9406,239934,9421,239949,-16
9407,219163,9422,219178,-16
9407,213363,9422,213378,-16
9406,209923,9421,209938,-16
9406,209733,9421,209748,-16
10173,53777,10188,53792,-16
9406,162840,9421,162855,-16
10173,65389,10188,65404,-16
10173,248631,10188,248646,-16
10173,93782,10188,93797,-16
10173,108159,10188,108174,-16
10173,107454,10188,107469,-16
10173,98000,10188,98015,-16
10173,25216,10188,25231,-16
10172,7786,10187,7803,-16
10173,197327,10188,197342,-16
10173,95829,10188,95844,-16
10173,22921,10188,22936,-16
10173,248998,10188,249013,-16
9407,199653,9422,199668,-16
10173,248385,10188,248400,-16
10173,246581,10188,246596,-16
10173,239934,10188,239949,-16
10173,238976,10188,238991,-16
10173,235976,10188,235991,-16
10173,196360,10188,196375,-16
10173,191936,10188,191952,-16
10173,93970,10188,93985,-16
10173,94150,10188,94165,-16
10173,94354,10188,94369,-16
10173,97118,10188,97133,-16
10173,97268,10188,97283,-16
10173,141389,10188,141404,-16
10173,69581,10188,69596,-16
10173,143478,10188,143493,-16
10173,156834,10188,156849,-16
10173,157078,10188,157093,-16
10173,157969,10188,157984,-16
10173,159172,10188,159188,-16
10173,179232,10188,179247,-16
10173,179850,10188,179865,-16
10173,156363,10188,156378,-16
9406,199311,9421,199326,-16
9407,62943,9422,62958,-16
9406,185084,9421,185099,-16
9407,197325,9422,197340,-16
9406,196806,9421,196821,-16
9407,196571,9422,196586,-16
9407,191935,9422,191951,-16
9407,178984,9422,178999,-16
9406,160518,9421,160533,-16
9407,157389,9422,157404,-16
9407,107454,9422,107469,-16
9407,95830,9422,95845,-16
9407,45082,9422,45097,-16
9407,41869,9422,41884,-16
9406,38543,9421,38558,-16
9407,33153,9422,33168,-16
9407,22921,9422,22936,-16
9406,208410,9421,208425,-16
9407,14300,9422,14315,-16
9407,238976,9422,238991,-16
9407,216392,9422,216407,-16
9407,209212,9422,209227,-16
9407,179850,9422,179865,-16
9407,179231,9422,179246,-16
9407,157969,9422,157984,-16
9407,151386,9422,151403,-16
9407,147873,9422,147888,-16
9407,110817,9422,110834,-16
9406,97304,9421,97319,-16
9407,97118,9422,97133,-16
9407,94354,9422,94369,-16
9407,94150,9422,94165,-16
9407,93970,9422,93985,-16
9406,248998,9421,249013,-16
9406,260941,9421,260956,-16
9407,13552,9422,13567,-16
9407,22448,9422,22463,-16
9406,176341,9421,176356,-16
9407,161879,9422,161894,-16
9407,161249,9422,161264,-16
9407,159172,9422,159188,-16
9407,155338,9422,155355,-16
9407,154776,9422,154793,-16
9407,153940,9422,153955,-16
9407,150247,9422,150262,-16
9407,148507,9422,148522,-16
9407,147402,9422,147417,-16
9407,147075,9422,147092,-16
9406,109499,9421,109514,-16
9406,109157,9421,109172,-16
9406,108831,9421,108846,-16
9406,108496,9421,108511,-16
9407,107827,9422,107842,-16
9407,85397,9422,85412,-16
9407,22626,9422,22641,-16
9407,23597,9422,23612,-16
9406,25217,9421,25232,-16
9406,26799,9421,26814,-16
9406,34513,9421,34528,-16
9407,38299,9422,38314,-16
9407,193921,9422,193936,-16
9407,40454,9422,40469,-16
10172,161249,10187,161264,-16
9407,63490,9422,63505,-16
9407,63927,9422,63942,-16
9406,64107,9421,64122,-16
9407,65566,9422,65581,-16
9406,68343,9421,68358,-16
9406,40841,9421,40856,-16
10173,164603,10188,164620,-16
10173,151078,10188,151095,-16
10173,196570,10188,196585,-16
10564,87488,10579,87503,-16
10564,260941,10579,260956,-16
10563,246580,10578,246595,-16
10563,232137,10578,232152,-16
10564,219473,10579,219490,-16
10563,213363,10578,213378,-16
10563,189922,10578,189937,-16
10563,179231,10578,179246,-16
10563,178984,10578,178999,-16
10564,158486,10579,158501,-16
10564,157970,10579,157985,-16
10564,156586,10579,156603,-16
10564,155338,10579,155355,-16
10564,154776,10579,154793,-16
10564,160517,10579,160532,-16
10564,154495,10579,154510,-16
10564,152372,10579,152387,-16
10563,148507,10578,148522,-16
10563,147402,10578,147417,-16
10564,147075,10579,147092,-16
10564,146935,10579,146950,-16
10564,146069,10579,146084,-16
10564,141389,10579,141404,-16
10563,105153,10578,105168,-16
10563,95217,10578,95232,-16
10564,94355,10579,94370,-16
10563,94150,10578,94165,-16
10564,93971,10579,93986,-16
10564,93782,10579,93797,-16
10564,88099,10579,88116,-16
10563,153939,10578,153954,-16
10564,164165,10579,164184,-16
10564,196806,10579,196821,-16
10564,201202,10579,201217,-16
11234,180287,11250,180303,-16
10565,187538,10580,187553,-16
10565,236022,10580,236037,-16
10565,219163,10580,219178,-16
10565,207779,10580,207794,-16
10565,201621,10580,201636,-16
10565,198193,10580,198210,-16
10565,195332,10580,195347,-16
10565,185084,10580,185099,-16
10565,160877,10580,160892,-16
10565,158891,10580,158906,-16
10565,156363,10580,156378,-16
10565,138909,10580,138926,-16
10565,122592,10580,122607,-16
10565,106035,10580,106050,-16
10565,95830,10580,95845,-16
10565,68344,10580,68359,-16
10564,208409,10579,208424,-16
10565,26800,10580,26815,-16
10565,107456,10580,107471,-16
10565,159172,10580,159188,-16
10565,209213,10580,209228,-16
10565,8371,10580,8388,-16
10563,74880,10578,74895,-16
10565,23221,10580,23236,-16
10565,25969,10580,25984,-16
10565,30540,10580,30555,-16
10565,34513,10580,34528,-16
10565,40454,10580,40469,-16
10565,55908,10580,55925,-16
10565,64107,10580,64122,-16
10565,23448,10580,23463,-16
10173,193261,10188,193276,-16
10564,69582,10579,69597,-16
10564,65389,10579,65404,-16
10173,164733,10188,164748,-16
10173,162174,10188,162191,-16
10173,161880,10188,161895,-16
10173,156585,10188,156602,-16
10173,155338,10188,155355,-16
10173,152372,10188,152387,-16
10173,152090,10188,152107,-16
10173,151715,10188,151732,-16
9407,93782,9422,93797,-16
10173,150742,10188,150759,-16
10173,150446,10188,150463,-16
10173,138909,10188,138926,-16
10173,122592,10188,122607,-16
10173,110818,10188,110835,-16
10173,178984,10188,178999,-16
10173,105152,10188,105167,-16
10173,65565,10188,65580,-16
10173,63926,10188,63941,-16
10173,63489,10188,63504,-16
10173,62942,10188,62957,-16
10173,48161,10188,48176,-16
10173,45082,10188,45097,-16
10173,41869,10188,41884,-16
10173,33153,10188,33168,-16
10173,26582,10188,26597,-16
10173,11107,10188,11124,-16
10173,9053,10188,9068,-16
10173,201886,10188,201903,-16
10173,201603,10188,201620,-16
10173,201203,10188,201218,-16
10173,87489,10188,87504,-16
10173,193073,10188,193088,-16
10173,195471,10188,195486,-16
10173,213362,10188,213377,-16
10563,63927,10578,63942,-16
10563,63490,10578,63505,-16
10563,62943,10578,62958,-16
10564,62104,10579,62119,-16
10564,59806,10579,59821,-16
10563,53776,10578,53791,-16
10563,48161,10578,48176,-16
10564,41870,10579,41885,-16
10563,38543,10578,38558,-16
10564,33154,10579,33169,-16
10563,26579,10578,26594,-16
10563,24882,10578,24899,-16
10563,15954,10578,15969,-16
10563,14301,10578,14316,-16
10563,13211,10578,13226,-16
10564,11815,10579,11832,-16
10564,11108,10579,11125,-16
10173,232136,10188,232151,-16
10173,260940,10188,260955,-16
10564,150446,10579,150463,-16
10564,150742,10579,150759,-16
10564,151078,10579,151095,-16
10564,151387,10579,151404,-16
10563,65566,10578,65581,-16
10564,151715,10579,151732,-16
10564,184080,10579,184095,-16
10564,196361,10579,196376,-16
10563,110685,10578,110700,-16
10563,218230,10578,218245,-16
10563,7000,10578,7015,-16
10563,9052,10578,9067,-16
10564,152090,10579,152107,-16
9407,69581,9422,69596,-16
9406,23449,9421,23464,-16
9407,201203,9422,201218,-16
1138,119799,1153,119814,-16
1138,106035,1153,106050,-16
1138,26538,1153,26553,-16
1138,23597,1153,23612,-16
1138,201202,1153,201217,-16
1138,60837,1153,60852,-16
1138,209923,1153,209938,-16
1138,209733,1153,209748,-16
1138,193920,1153,193935,-16
1138,178984,1153,178999,-16
1137,165240,1152,165255,-16
1137,34513,1152,34528,-16
1138,196571,1153,196586,-16
1130,125017,1148,125036,-16
1137,22922,1152,22937,-16
1120,138235,1137,138250,-16
981,105297,995,105311,-16
697,254773,712,254790,-16
697,198193,712,198210,-16
697,184082,712,184097,-16
697,164308,712,164323,-16
696,95830,711,95845,-16
697,94151,712,94166,-16
697,93057,712,93074,-16
697,69582,712,69597,-16
9407,65389,9422,65404,-16
697,42204,712,42221,-16
696,40454,711,40469,-16
697,40115,712,40130,-16
697,38542,712,38557,-16
1119,130678,1136,130693,-16
1137,38298,1152,38313,-16
1137,45083,1152,45098,-16
1137,95830,1152,95845,-16
1240,193074,1255,193089,-16
1240,162175,1255,162192,-16
1240,141389,1255,141404,-16
1240,118338,1255,118355,-16
1240,107825,1255,107840,-16
1240,70389,1255,70404,-16
1240,58573,1255,58590,-16
1240,55908,1255,55925,-16
1240,53777,1255,53792,-16
1240,40115,1255,40130,-16
1240,27853,1255,27870,-16
1240,23222,1255,23237,-16
1239,9052,1254,9067,-16
1240,219163,1255,219178,-16
1240,162840,1255,162855,-16
1240,199652,1255,199667,-16
1240,154776,1255,154793,-16
1138,40454,1153,40469,-16
1138,108496,1153,108511,-16
1138,108831,1153,108846,-16
1138,109157,1153,109172,-16
1138,109499,1153,109514,-16
1138,191935,1153,191951,-16
697,19407,712,19422,-16
1138,122592,1153,122607,-16
1138,189922,1153,189937,-16
1138,201621,1153,201636,-16
1138,64107,1153,64122,-16
1138,148171,1153,148186,-16
1240,147075,1255,147092,-16
1240,148506,1255,148521,-16
1138,158891,1153,158906,-16
1240,233235,1255,233250,-16
697,14300,712,14315,-16
697,9053,712,9068,-16
697,187538,712,187553,-16
696,48160,711,48175,-16
695,232136,710,232151,-16
695,219163,710,219178,-16
695,213362,710,213377,-16
695,185084,710,185099,-16
696,161747,711,161762,-16
696,161249,711,161264,-16
696,152089,711,152106,-16
696,151714,711,151731,-16
696,150741,711,150758,-16
696,150445,711,150462,-16
695,96027,710,96042,-16
695,65565,710,65580,-16
697,196361,712,196376,-16
695,63926,710,63941,-16
695,62942,710,62957,-16
696,53777,711,53792,-16
696,191935,711,191951,-16
696,159171,711,159187,-16
695,138909,710,138926,-16
696,95217,711,95232,-16
695,13210,710,13225,-16
696,162174,711,162191,-16
696,62104,711,62119,-16
696,23222,711,23237,-16
420,84849,436,84865,-16
286,88695,308,88718,-16
188,118834,209,118856,-16
188,61166,209,61185,-16
695,63489,710,63504,-16
697,239934,712,239949,-16
697,248385,712,248400,-16
697,248631,712,248646,-16
697,8371,712,8388,-16
697,7000,712,7015,-16
697,201203,712,201218,-16
696,156363,711,156378,-16
696,141050,711,141065,-16
697,123955,712,123972,-16
697,157970,712,157985,-16
697,153940,712,153955,-16
697,152372,712,152387,-16
697,148507,712,148522,-16
697,147402,712,147417,-16
697,94355,712,94370,-16
697,93971,712,93986,-16
697,93782,712,93797,-16
697,296,712,315,-16
697,246580,712,246595,-16
697,229547,712,229562,-16
697,5967,712,5982,-16
697,15955,712,15970,-16
697,23449,712,23464,-16
697,30540,712,30555,-16
697,33154,712,33169,-16
697,41870,712,41885,-16
697,12743,712,12760,-16
697,57075,712,57090,-16
697,110685,712,110700,-16
697,150247,712,150262,-16
697,158486,712,158501,-16
697,179231,712,179246,-16
697,199653,712,199668,-16
697,218231,712,218246,-16
697,64107,712,64122,-16
1240,254772,1255,254789,-16
697,65389,712,65404,-16
1240,13210,1255,13225,-16
7749,155338,7764,155355,-16
7749,154776,7764,154793,-16
7749,107745,7764,107760,-16
7749,107456,7764,107471,-16
7749,106035,7764,106050,-16
7749,95608,7764,95623,-16
7749,57075,7764,57090,-16
7749,38542,7764,38557,-16
7749,30540,7764,30555,-16
7749,26582,7764,26597,-16
7749,21173,7764,21188,-16
7750,246580,7765,246595,-16
7750,193074,7765,193089,-16
7750,171237,7765,171252,-16
7749,156363,7764,156378,-16
7750,157178,7765,157193,-16
7750,147539,7765,147554,-16
7750,141048,7765,141063,-16
7750,108085,7765,108100,-16
7750,98183,7765,98198,-16
7750,97268,7765,97283,-16
7750,64540,7765,64555,-16
7749,229547,7764,229562,-16
7750,199653,7765,199668,-16
7749,184080,7764,184095,-16
7750,178959,7765,178974,-16
7750,158486,7765,158501,-16
7750,156930,7765,156945,-16
7750,154495,7765,154510,-16
7750,45083,7765,45098,-16
7750,152372,7765,152387,-16
7749,157352,7764,157368,-16
7749,159172,7764,159188,-16
7749,160518,7764,160533,-16
9406,198126,9421,198141,-16
9407,158485,9422,158500,-16
9407,156363,9422,156378,-16
9406,152090,9421,152107,-16
1240,11107,1255,11124,-16
9406,150742,9421,150759,-16
9406,150446,9421,150463,-16
9407,141050,9422,141065,-16
9407,7000,9422,7015,-16
9407,218231,9422,218246,-16
9407,196361,9422,196376,-16
9407,146935,9422,146950,-16
9407,146069,9422,146084,-16
9407,110685,9422,110700,-16
9407,88098,9422,88115,-16
9407,62104,9422,62119,-16
9407,9052,9422,9067,-16
7749,160877,7764,160892,-16
7749,164308,7764,164323,-16
7749,164733,7764,164748,-16
7749,196361,7764,196376,-16
7749,201885,7764,201902,-16
8014,184433,8030,184448,-16
7750,41870,7765,41885,-16
8014,21319,8033,21344,-16
8021,221350,8043,221373,-16
8026,59870,8049,59892,-16
8101,3199,8116,3214,-16
8932,237042,8947,237057,-16
9335,125027,9350,125042,-16
9335,37273,9350,37288,-16
8014,230415,8033,230440,-16
7750,40841,7765,40856,-16
9406,151715,9421,151732,-16
7750,33154,7765,33169,-16
7750,95217,7765,95232,-16
7750,11815,7765,11832,-16
7749,163900,7764,163915,-16
7080,30816,7101,30836,-16
6596,227188,6611,227204,-16
6503,145270,6520,145285,-16
6376,97866,6394,97887,-16
5893,136107,5909,136122,-16
5262,173219,5277,173234,-16
5262,186322,5277,186337,-16
5262,120698,5277,120713,-16
5262,91022,5277,91037,-16
4879,258478,4896,258496,-16
4473,242922,4490,242939,-16
7750,96027,7765,96042,-16
3857,187060,3886,187085,-16
3141,50891,3162,50912,-16
3124,129820,3140,129836,-16
3060,184381,3075,184396,-16
2181,104611,2199,104630,-16
2044,183840,2065,183858,-16
1268,138235,1285,138250,-16
1269,130678,1286,130693,-16
1240,260940,1255,260955,-16
1240,195332,1255,195347,-16
1240,164308,1255,164323,-16
1240,155338,1255,155355,-16
1240,48161,1255,48176,-16
1240,19407,1255,19422,-16
7750,40115,7765,40130,-16
3602,11167,3618,11183,-16
7750,156586,7765,156603,-16
6184,58085,6200,58100,-16
7750,168079,7765,168096,-16
7750,70389,7765,70404,-16
7750,74993,7765,75008,-16
7750,85397,7765,85412,-16
7750,105151,7765,105166,-16
7750,143514,7765,143529,-16
7750,176341,7765,176356,-16
7750,23222,7765,23237,-16
7750,199311,7765,199326,-16
7750,20772,7765,20787,-16
7750,48160,7765,48175,-16
7749,187538,7764,187553,-16
7750,5967,7765,5982,-16
7750,14301,7765,14316,-16
7750,15955,7765,15970,-16
7750,165240,7765,165255,-16
7750,9051,7765,9066,-16
7750,233235,7765,233250,-16
7750,213363,7765,213378,-16
7750,185084,7765,185099,-16
7750,232137,7765,232152,-16
7750,207803,7765,207818,-16
7750,209213,7765,209228,-16
7750,219473,7765,219490,-16
7750,238976,7765,238991,-16
7750,239934,7765,239949,-16
7750,219163,7765,219178,-16
7750,248631,7765,248646,-16
7750,62943,7765,62958,-16
7750,63490,7765,63505,-16
7750,63927,7765,63942,-16
7750,65566,7765,65581,-16
7750,248385,7765,248400,-16
5878,256770,5892,256784,-15
8595,13370,8609,13384,-15
5922,162835,5939,162850,-15
6416,39216,6434,39233,-15
6417,175614,6435,175631,-15
8338,165422,8352,165438,-15
8338,220882,8352,220898,-15
8595,108122,8609,108136,-15
9213,124554,9226,124567,-15
10452,50276,10472,50291,-15
9224,200636,9238,200650,-15
9223,246110,9237,246124,-15
9447,101502,9465,101519,-15
9446,191616,9464,191635,-15
9955,37273,9970,37288,-15
10452,50674,10472,50689,-15
10487,15134,10504,15151,-15
11902,98060,11919,98078,-15
5380,29720,5402,29741,-15
9224,121078,9238,121092,-15
5364,196738,5379,196752,-15
6953,115008,6968,115024,-15
3545,135859,3569,135882,-15
186,55753,200,55767,-15
182,217425,200,217444,-15
477,12692,496,12710,-15
476,204356,495,204376,-15
1120,219325,1143,219346,-15
1119,179375,1142,179397,-15
1200,159971,1219,159990,-15
1666,231561,1680,231575,-15
1665,24440,1679,24454,-15
1665,74081,1684,74099,-15
3560,102037,3580,102056,-15
2215,133695,2232,133714,-15
2234,250832,2250,250849,-15
2436,180766,2457,180787,-15
3105,110604,3120,110618,-15
3105,196851,3120,196865,-15
3105,116092,3120,116106,-15
3105,164493,3120,164507,-15
3154,87207,3171,87224,-15
3361,198006,3375,198020,-15
1992,5191,2012,5211,-15
5990,129626,6006,129643,-14
5990,31384,6006,31401,-14
5845,244262,5858,244275,-14
5845,239295,5858,239308,-14
5845,243984,5858,243997,-14
3560,212702,3580,212721,-14
4076,182011,4097,182031,-14
3873,132233,3886,132246,-14
6184,220608,6200,220624,-14
2916,260883,2929,260896,-14
2916,255821,2929,255834,-14
5656,179410,5672,179423,-14
6367,195600,6386,195619,-14
8020,169575,8033,169588,-14
7026,100967,7039,100980,-14
8011,225298,8030,225314,-14
8011,239766,8030,239782,-14
8020,177617,8033,177630,-14
8504,184937,8527,184958,-14
9184,244578,9197,244593,-14
9466,203886,9482,203901,-14
9687,137874,9709,137897,-14
2916,246052,2929,246065,-14
10737,10976,10755,10992,-14
11708,125529,11721,125542,-14
11817,156262,11830,156275,-14
11934,112436,11954,112455,-14
6514,58017,6530,58034,-14
10738,90606,10752,90621,-14
2916,230234,2929,230247,-14
2916,170338,2929,170351,-14
187,46932,201,46945,-14
187,47139,201,47152,-14
2916,184025,2929,184038,-14
2915,11347,2928,11360,-14
2915,45257,2928,45271,-14
2915,80090,2928,80103,-14
2915,105095,2928,105109,-14
2916,106832,2929,106845,-14
2916,166663,2929,166676,-14
2916,8529,2929,8542,-14
2916,36260,2929,36273,-14
2916,45026,2929,45039,-14
2916,45438,2929,45451,-14
696,200589,711,200603,-14
2916,54646,2929,54659,-14
2916,45813,2929,45826,-14
2916,167702,2929,167715,-14
2916,166522,2929,166535,-14
2916,165204,2929,165217,-14
2916,92158,2929,92171,-14
2916,69618,2929,69631,-14
2916,113694,2929,113707,-14
2916,65649,2929,65662,-14
2916,64903,2929,64916,-14
2916,64436,2929,64449,-14
2916,64294,2929,64307,-14
2916,62733,2929,62746,-14
2916,65973,2929,65986,-14
6422,247755,6435,247767,-13
10492,180945,10504,180957,-13
8409,89889,8421,89901,-13
8409,15986,8421,15998,-13
6553,197027,6566,197039,-13
6219,195033,6231,195045,-13
6011,132169,6023,132181,-13
6075,125115,6091,125132,-13
6012,198017,6024,198029,-13
3881,50014,3904,50034,-13
1119,139577,1142,139598,-13
6219,193247,6231,193259,-13
3144,83001,3155,83012,-12
6408,234095,6421,234106,-12
10533,224188,10557,224209,-12
3560,224892,3570,224902,-11
8021,60930,8031,60940,-11
8038,56599,8048,56609,-11
8038,60421,8048,60431,-11
8038,188821,8048,188831,-11
5133,196738,5142,196747,-10
9413,24818,9422,24827,-10
