80820,420022,85153,424254,-4333
179458,488570,182050,491094,-2592
806390,391798,808864,394216,-2474
815411,403676,817604,405842,-2193
809826,397312,811936,399428,-2110
812650,400303,814755,402404,-2105
102278,130952,104235,132825,-1957
78964,414536,80865,416373,-1901
819246,405819,821052,407592,-1806
222022,342602,223486,344021,-1464
50012,10402,51453,11772,-1441
78988,417488,80338,418737,-1350
363283,27659,364239,28577,-956
131367,200291,132272,201161,-905
86251,424877,87087,425647,-836
18827,355177,19645,355987,-818
132219,604728,132994,605519,-775
805505,389709,806249,390410,-744
133162,608443,133893,609152,-731
138248,612028,138889,612600,-641
818645,396649,819276,397296,-631
811860,399670,812485,400283,-625
817704,395160,818274,395685,-570
809193,394573,809723,395105,-530
814821,402369,815341,402882,-520
20000,356302,20500,356811,-500
821000,407989,821471,408438,-471
90598,467239,91006,467633,-408
818294,396004,818666,396388,-372
767647,16857,767990,17186,-343
45218,188248,45541,188545,-323
127349,82166,127649,82591,-300
90270,466942,90568,467214,-298
135873,609681,136154,609984,-281
137648,611429,137918,611695,-270
65618,154569,65878,154818,-260
135553,609400,135810,609661,-257
46299,187185,46543,187406,-244
44912,187916,45154,188151,-242
513237,226957,513465,227174,-228
46884,186935,47107,187170,-223
46884,187578,47106,187812,-222
43218,184882,43440,185088,-222
22373,17203,22592,17420,-219
87487,424873,87699,425061,-212
136523,610356,136733,610552,-210
125912,80796,126119,80982,-207
127083,81597,127282,81799,-199
118912,231367,119105,231523,-193
45577,188547,45768,188777,-191
129799,604265,129987,604432,-188
122954,222053,123136,222220,-182
806213,390565,806395,390737,-182
277033,412462,277212,412640,-179
424223,390036,424398,390207,-175
134909,346256,135082,346443,-173
45909,186757,46082,186946,-173
258967,705581,259139,705748,-172
118096,231075,118268,231261,-172
104612,131560,104784,131718,-172
768563,17921,768733,18079,-170
64460,535008,64627,535180,-167
208272,545583,208438,545736,-166
88547,426668,88710,426822,-163
18158,8196,18320,8356,-162
114602,192653,114760,192794,-158
17869,7822,18026,7975,-157
45643,188267,45799,188423,-156
129799,602966,129953,603123,-154
768307,17649,768461,17804,-154
18025,355024,18171,355158,-146
768836,18198,768980,18326,-144
159059,409587,159196,409723,-137
803675,609379,803812,609518,-137
159061,616510,159196,616635,-135
104432,132845,104567,132978,-135
125709,80707,125843,80836,-134
175421,85224,175554,85350,-133
760710,85223,760843,85350,-133
64808,283996,64940,284121,-132
53200,11028,53329,11158,-129
51,38,179,165,-128
44242,296545,44370,296659,-128
45916,184404,46043,184531,-127
15583,604773,15710,604908,-127
45916,607578,46043,607699,-127
772527,381036,772654,381155,-127
136970,610784,137097,610909,-127
65442,154448,65568,154570,-126
137459,611239,137585,611372,-126
10737,618974,10862,619090,-125
1760,683473,1880,683596,-120
1760,682286,1880,682408,-120
113567,189087,113681,189190,-114
46124,187598,46238,187708,-114
46124,186955,46238,187065,-114
45417,184790,45530,184899,-113
364388,28598,364500,28703,-112
113726,189426,113837,189535,-111
214301,684394,214411,684500,-110
214301,682310,214411,682416,-110
214301,685135,214411,685241,-110
126176,81169,126284,81267,-108
220679,688361,220787,688463,-108
23356,17817,23464,17915,-108
45422,187358,45530,187465,-108
214286,555509,214393,555611,-107
272575,191731,272682,191847,-107
272580,683497,272687,683597,-107
768059,17261,768164,17363,-105
39503,187451,39608,187555,-105
39503,187144,39608,187248,-105
136371,610196,136475,610298,-104
389,615268,492,615366,-103
1777,685135,1880,685233,-103
377309,296632,377412,296726,-103
1777,684394,1880,684492,-103
166494,120556,166596,120660,-102
17751,15309,17853,15406,-102
140407,119942,140508,120037,-101
147056,119934,147157,120037,-101
137938,611698,138039,611798,-101
52495,11040,52596,11139,-101
76721,423317,76822,423408,-101
179594,492318,179695,492416,-101
211341,44573,211441,44678,-100
760760,360185,760860,360282,-100
217681,37352,217781,37452,-100
97961,615265,98061,615362,-100
80682,418760,80781,418866,-99
45677,185266,45776,185370,-99
32248,618020,32347,618117,-99
214294,44564,214393,44663,-99
272571,91626,272670,91724,-99
205538,427892,205636,427990,-98
172037,618022,172135,618117,-98
217693,614659,217791,614752,-98
30841,16258,30939,16352,-98
175472,360185,175570,360282,-98
135882,687952,135980,688047,-98
214294,409663,214391,409759,-97
19710,356027,19807,356123,-97
272577,35928,272674,36026,-97
159118,14687,159215,14779,-97
45298,185270,45395,185370,-97
266715,85736,266812,85833,-97
214297,91630,214393,91722,-96
214293,240917,214389,241016,-96
47493,187594,47589,187684,-96
47493,186951,47589,187041,-96
272582,379836,272678,379936,-96
22990,18755,23085,18856,-95
166491,44565,166586,44665,-95
214301,683497,214396,683588,-95
387,285010,482,285108,-95
272580,682310,272675,682402,-95
214298,35928,214393,36021,-95
214298,378120,214393,378213,-95
87761,425106,87856,425189,-95
118435,139672,118530,139764,-95
272580,685135,272675,685227,-95
272580,684394,272675,684486,-95
214298,191733,214393,191832,-95
1779,37365,1874,37459,-95
247937,404457,248031,404546,-94
272577,378120,272671,378217,-94
138155,611910,138249,612005,-94
43053,184680,43147,184774,-94
214299,616152,214393,616242,-94
272580,44571,272674,44668,-94
1774,91633,1868,91726,-94
49271,187919,49365,188009,-94
64260,397321,64354,397410,-94
266714,554897,266807,554996,-93
39264,186755,39357,186847,-93
217693,35934,217786,36026,-93
217690,616152,217783,616244,-93
217693,135258,217786,135350,-93
272581,135257,272674,135350,-93
217690,587290,217783,587381,-93
217693,44573,217786,44668,-93
135887,687504,135980,687596,-93
14214,302039,14307,302136,-93
217693,112712,217786,112804,-93
166494,191734,166587,191835,-93
126960,81472,127053,81554,-93
166494,616152,166586,616244,-92
214304,614659,214396,614748,-92
166494,91633,166586,91724,-92
211339,135257,211431,135350,-92
214304,37365,214396,37455,-92
211336,91633,211428,91724,-92
211336,120556,211428,120649,-92
1779,614659,1871,614748,-92
211341,614659,211433,614754,-92
272578,616152,272670,616244,-92
217689,682306,217781,682398,-92
1774,120556,1866,120649,-92
217689,683493,217781,683585,-92
121113,37357,121205,37449,-92
217689,684390,217781,684482,-92
217689,685131,217781,685223,-92
272582,112712,272674,112804,-92
211341,587293,211433,587387,-92
272578,120556,272670,120649,-92
17753,133791,17845,133880,-92
748858,70,748950,160,-92
166491,409664,166582,409759,-91
55570,616881,55661,616968,-91
214302,366341,214393,366430,-91
18365,8889,18456,8978,-91
214302,379834,214393,379926,-91
1777,616154,1868,616246,-91
180656,492337,180747,492431,-91
217693,120560,217783,120649,-90
272581,555523,272671,555615,-90
217693,366343,217783,366432,-90
64816,423378,64906,423456,-90
211341,35934,211431,36026,-90
711639,544904,711729,544993,-90
217693,91636,217783,91724,-90
217693,378126,217783,378215,-90
217693,379836,217783,379928,-90
166496,35932,166586,36023,-90
217693,191738,217783,191834,-90
205534,426097,205624,426188,-90
211341,379836,211431,379932,-90
217693,555524,217783,555613,-90
217693,566867,217783,566956,-90
808860,394384,808950,394471,-90
25908,329768,25998,329855,-90
217693,409672,217783,409767,-90
166496,378124,166586,378215,-90
149046,119945,149136,120037,-90
46772,186846,46862,186946,-90
205534,426933,205624,427030,-90
1777,44571,1866,44665,-89
211339,555523,211428,555613,-89
214304,135258,214393,135345,-89
211339,112609,211428,112700,-89
214304,120560,214393,120647,-89
214304,112610,214393,112699,-89
214052,119999,214141,120085,-89
800811,489564,800900,489652,-89
810449,402542,810538,402630,-89
1777,35932,1866,36023,-89
272582,587293,272671,587383,-89
1777,191736,1866,191834,-89
216485,613600,216574,613687,-89
272582,566867,272671,566958,-89
1777,378124,1866,378215,-89
272582,366343,272671,366434,-89
214304,587293,214393,587379,-89
166497,112609,166586,112700,-89
166497,135257,166586,135347,-89
214304,566867,214393,566954,-89
272577,240927,272666,241016,-89
174113,560619,174202,560700,-89
166497,555523,166586,555613,-89
166003,564099,166091,564184,-88
814995,397927,815083,398012,-88
166498,366343,166586,366432,-88
97968,119967,98056,120056,-88
211341,37365,211429,37456,-88
166498,379836,166586,379928,-88
121121,240932,121209,241019,-88
166498,566867,166586,566956,-88
159056,15183,159144,15265,-88
166498,587293,166586,587381,-88
121117,682306,121205,682394,-88
166496,682310,166584,682398,-88
166496,683497,166584,683585,-88
121117,685131,121205,685219,-88
166496,684394,166584,684482,-88
121117,684390,121205,684478,-88
121117,683493,121205,683581,-88
23094,18888,23182,18979,-88
166496,685135,166584,685223,-88
211341,566867,211428,566956,-87
174290,15293,174377,15379,-87
121118,616152,121205,616238,-87
211341,191738,211428,191834,-87
54266,11044,54353,11139,-87
166493,240926,166580,241016,-87
121118,587290,121205,587375,-87
211341,378126,211428,378215,-87
211341,366343,211428,366432,-87
34066,120593,34153,120681,-87
211336,240928,211423,241016,-87
147087,615271,147174,615353,-87
99704,423337,99791,423421,-87
31183,16258,31270,16343,-87
1779,135258,1866,135347,-87
1779,587293,1866,587381,-87
1779,379836,1866,379928,-87
213553,426903,213640,426983,-87
767463,7810,767550,7897,-87
816213,119958,816300,120046,-87
272582,37365,272669,37452,-87
1779,366343,1866,366432,-87
234862,423337,234949,423421,-87
1774,240928,1861,241016,-87
272580,409670,272667,409759,-87
1779,566867,1866,566956,-87
1779,555524,1866,555613,-87
272582,614659,272669,614745,-87
211341,616156,211428,616244,-87
1779,112610,1866,112700,-87
166721,24392,166807,24466,-86
211341,682312,211427,682398,-86
211341,683499,211427,683585,-86
211341,684396,211427,684482,-86
211341,685137,211427,685223,-86
808996,394492,809082,394575,-86
166498,37365,166584,37452,-86
1777,409670,1863,409759,-86
205538,429778,205624,429861,-86
205538,429444,205624,429530,-86
205538,425771,205624,425857,-86
159405,14695,159491,14784,-86
166498,614659,166584,614745,-86
393,139678,479,139759,-86
258277,188650,258362,188729,-85
217693,240932,217778,241016,-85
125808,81166,125893,81247,-85
768743,18080,768828,18158,-85
9959,37535,10044,37625,-85
600075,545595,600160,545678,-85
159414,14293,159499,14379,-85
121121,379836,121205,379923,-84
121121,366343,121205,366427,-84
159402,133780,159486,133862,-84
98336,14279,98420,14367,-84
159133,133780,159217,133864,-84
121121,35934,121205,36018,-84
154580,404474,154664,404555,-84
69301,561340,69385,561421,-84
161264,9946,161348,10030,-84
121121,44573,121205,44660,-84
816221,70321,816305,70402,-84
121121,191738,121205,191829,-84
121121,91636,121205,91718,-84
121121,409672,121205,409757,-84
121121,555524,121205,555608,-84
121121,378126,121205,378210,-84
121121,614659,121205,614741,-84
121121,112712,121205,112796,-84
211341,409672,211425,409759,-84
121121,135258,121205,135342,-84
121121,566867,121205,566951,-84
121121,120560,121205,120644,-84
64280,360356,64363,360429,-83
215975,615271,216058,615349,-83
152143,560633,152226,560714,-83
214052,587307,214135,587379,-83
214052,616170,214135,616242,-83
214052,91650,214135,91722,-83
32774,550047,32857,550128,-83
214052,685151,214135,685223,-83
214052,684410,214135,684482,-83
223688,344272,223771,344349,-83
214052,683513,214135,683585,-83
214052,682326,214135,682398,-83
214052,614673,214135,614745,-83
31010,16067,31093,16144,-83
34803,550090,34885,550168,-82
214288,15174,214370,15255,-82
14448,139707,14530,139786,-82
57825,554922,57907,554999,-82
58499,313866,58581,313950,-82
147087,285016,147169,285097,-82
597791,544901,597873,544984,-82
24182,181107,24264,181187,-82
159417,108914,159499,109002,-82
814995,397366,815077,397446,-82
815411,400303,815493,400390,-82
816221,139678,816303,139756,-82
809892,402543,809973,402624,-81
174287,15168,174368,15246,-81
17751,15186,17832,15270,-81
104967,131962,105048,132038,-81
140438,615271,140519,615353,-81
39276,184404,39357,184480,-81
225913,620887,225994,620966,-81
215972,337794,216053,337870,-81
25905,512653,25986,512731,-81
220513,284970,220594,285055,-81
25905,11003,25986,11081,-81
129952,603158,130033,603239,-81
129655,604112,129736,604207,-81
126060,80707,126140,80786,-80
166707,692395,166787,692471,-80
505379,132668,505459,132757,-80
31364,16425,31444,16503,-80
133861,345957,133941,346042,-80
23078,379822,23158,379901,-80
123016,575505,123096,575577,-80
258529,607916,258609,607993,-80
65917,154815,65997,154893,-80
134530,346348,134610,346429,-80
123016,560008,123096,560084,-80
284699,581776,284779,581853,-80
170104,181107,170184,181185,-80
97958,70312,98038,70391,-80
41657,184948,41736,185025,-79
166712,110443,166791,110520,-79
166480,616492,166559,616577,-79
125925,81170,126004,81247,-79
217831,615268,217910,615347,-79
46040,33913,46119,33981,-79
166482,117991,166561,118072,-79
214052,112624,214131,112695,-79
39374,33913,39453,33981,-79
387220,10391,387299,10468,-79
69306,575506,69385,575577,-79
214052,409686,214131,409757,-79
28783,245205,28862,245279,-79
28783,252425,28862,252493,-79
597790,236560,597869,236639,-79
40956,184948,41035,185025,-79
180703,493658,180781,493733,-78
215979,285020,216057,285097,-78
57825,85754,57903,85828,-78
69307,560009,69385,560084,-78
87367,427099,87445,427169,-78
213562,48239,213640,48318,-78
214052,136771,214130,136854,-78
123018,561345,123096,561421,-78
45270,188664,45348,188739,-78
109580,151725,109658,151796,-78
57825,555031,57903,555105,-78
365832,28178,365910,28252,-78
25908,206675,25986,206750,-78
172115,250942,172193,251017,-78
25908,206936,25986,207011,-78
27633,330034,27711,330112,-78
89076,427099,89154,427169,-78
369607,550045,369685,550125,-78
17754,24180,17831,24256,-77
105086,132077,105163,132153,-77
800811,493114,800888,493189,-77
213580,556134,213657,556202,-77
773367,680234,773444,680304,-77
22110,16889,22187,16955,-77
114498,192544,114575,192612,-77
215974,336301,216051,336372,-77
405486,545445,405563,545521,-77
17754,23962,17831,24039,-77
13479,36085,13556,36158,-77
159061,23959,159138,24040,-77
159061,24177,159138,24257,-77
159414,14898,159491,14975,-77
180446,493108,180523,493185,-77
24198,186074,24275,186145,-77
8888,302056,8965,302136,-77
7212,302056,7289,302136,-77
140438,285016,140514,285097,-76
118439,285016,118515,285097,-76
146467,139678,146543,139753,-76
149066,285016,149142,285097,-76
490132,108905,490208,108984,-76
14747,9932,14823,10006,-76
146467,119967,146543,120042,-76
135335,609151,135411,609224,-76
118439,615271,118515,615347,-76
205535,616765,205611,616842,-76
159061,14498,159137,14575,-76
22258,17116,22334,17186,-76
205538,108671,205614,108747,-76
149066,615271,149142,615347,-76
174289,35910,174365,35985,-76
387,346714,463,346790,-76
215975,208435,216051,208505,-76
215975,119967,216051,120037,-76
215975,210986,216051,211056,-76
155179,616570,155255,616635,-76
215975,565229,216051,565299,-76
215975,139678,216051,139748,-76
159061,14898,159137,14974,-76
98351,517755,98427,517830,-76
215975,208192,216051,208262,-76
23078,617752,23154,617835,-76
217834,285016,217910,285097,-76
29808,117489,29884,117563,-76
98351,135787,98427,135861,-76
215975,337995,216051,338065,-76
215975,404476,216051,404546,-76
215975,346720,216051,346790,-76
215975,70321,216051,70391,-76
152138,22357,152214,22431,-76
41511,687513,41586,687579,-75
159393,616141,159468,616207,-75
21002,434446,21077,434517,-75
23360,19451,23435,19527,-75
490133,37550,490208,37629,-75
119423,231777,119498,231853,-75
174117,555495,174192,555575,-75
41511,687965,41586,688030,-75
19853,356176,19928,356243,-75
159143,37553,159218,37631,-75
154577,139672,154652,139748,-75
140435,337794,140510,337870,-75
205538,687750,205613,687828,-75
148481,580578,148556,580658,-75
205538,688499,205613,688583,-75
205538,688728,205613,688812,-75
148481,581114,148556,581193,-75
148481,582861,148556,582940,-75
148481,583677,148556,583756,-75
148481,585100,148556,585179,-75
148481,584325,148556,584404,-75
148481,587014,148556,587093,-75
148481,588332,148556,588411,-75
242026,490837,242101,490908,-75
473008,336302,473083,336376,-75
179804,492337,179879,492410,-75
148481,586218,148556,586297,-75
60692,189361,60767,189429,-75
490139,135787,490213,135861,-74
217671,78758,217745,78828,-74
97964,285012,98038,285091,-74
24262,609486,24336,609564,-74
490139,24182,490213,24256,-74
490139,23964,490213,24039,-74
9970,24171,10044,24248,-74
816221,346720,816295,346793,-74
9970,23953,10044,24030,-74
23071,240916,23145,240983,-74
225079,502071,225153,502145,-74
69311,222116,69385,222188,-74
773537,23160,773611,23234,-74
146463,615268,146537,615341,-74
247961,337995,248035,338069,-74
148198,615268,148272,615341,-74
389,337992,463,338065,-74
17752,14498,17826,14575,-74
159065,22372,159139,22448,-74
159417,14502,159491,14576,-74
159402,134371,159476,134450,-74
154578,337992,154652,338065,-74
136525,611518,136599,611590,-74
162765,18862,162839,18939,-74
816221,208192,816295,208265,-74
148202,337995,148276,338069,-74
816221,208435,816295,208508,-74
816221,210986,816295,211059,-74
171626,290411,171700,290488,-74
87953,425280,88027,425347,-74
172045,375603,172119,375676,-74
98329,682191,98402,682267,-73
816221,336302,816294,336376,-73
118436,337992,118509,338065,-73
119250,231646,119323,231729,-73
98329,240905,98402,240983,-73
622670,545030,622743,545099,-73
247961,70321,248034,70394,-73
159061,135784,159134,135856,-73
32258,375604,32331,375676,-73
258541,185129,258614,185201,-73
161267,620895,161340,620969,-73
148202,70321,148275,70394,-73
30166,314856,30239,314925,-73
32491,549605,32564,549682,-73
213562,427862,213635,427933,-73
174121,434711,174194,434783,-73
214052,379850,214125,379918,-73
229694,588029,229767,588099,-73
23072,378101,23145,378177,-73
219397,241234,219470,241315,-73
473005,615268,473078,615341,-73
42272,185297,42345,185370,-73
45651,607916,45724,607989,-73
214052,44587,214125,44655,-73
490135,133790,490208,133862,-73
16096,425740,16169,425812,-73
174295,78755,174368,78831,-73
159065,14297,159137,14370,-72
154580,119965,154652,120037,-72
391,404474,463,404546,-72
800811,687491,800883,687566,-72
163448,122025,163520,122095,-72
32774,484208,32846,484279,-72
104878,151262,104950,151328,-72
98251,620885,98323,620954,-72
800552,272666,800624,272729,-72
213563,429750,213635,429819,-72
816219,337994,816291,338065,-72
98347,133790,98419,133860,-72
217834,337797,217906,337870,-72
181789,231180,181861,231253,-72
155183,682288,155255,682363,-72
393,337797,465,337870,-72
84309,284017,84381,284085,-72
227036,9937,227108,10006,-72
490136,14498,490208,14571,-72
118439,337797,118511,337870,-72
391,119965,463,120037,-72
254833,588025,254905,588094,-72
247959,337796,248031,337867,-72
147085,208434,147157,208505,-72
147085,210985,147157,211056,-72
247959,336301,248031,336372,-72
149064,208191,149136,208262,-72
147085,208191,147157,208262,-72
149066,337797,149138,337870,-72
45982,185133,46054,185207,-72
149064,210985,149136,211056,-72
149064,346719,149136,346790,-72
147085,346719,147157,346790,-72
149064,208434,149136,208505,-72
129585,200224,129656,200292,-71
174123,617755,174194,617827,-71
135873,616361,135944,616435,-71
366987,553554,367058,553624,-71
366244,28251,366315,28319,-71
118438,119965,118509,120037,-71
119164,231445,119235,231515,-71
287895,606977,287966,607046,-71
174123,339950,174194,340020,-71
765929,26365,766000,26435,-71
214304,560641,214375,560714,-71
258538,181354,258609,181422,-71
167499,118746,167570,118811,-71
247960,615269,248031,615341,-71
118438,404474,118509,404546,-71
800831,231180,800902,231248,-71
797966,23163,798037,23234,-71
140437,336301,140508,336372,-71
174123,37538,174194,37606,-71
214297,616507,214368,616577,-71
137263,611051,137334,611123,-71
138229,483083,138300,483152,-71
392,70320,463,70391,-71
31033,16435,31104,16504,-71
44921,10335,44992,10403,-71
17755,14901,17826,14974,-71
17752,37550,17823,37627,-71
2996,246041,3067,246110,-71
31734,16598,31805,16669,-71
392,565228,463,565299,-71
17755,14710,17826,14783,-71
17755,14297,17826,14370,-71
32772,483692,32843,483762,-71
16097,91053,16168,91126,-71
17755,517755,17826,517825,-71
149066,336302,149136,336372,-70
148202,336302,148272,336372,-70
258404,184789,258474,184855,-70
9959,555500,10029,555575,-70
147087,336302,147157,336372,-70
148202,210986,148272,211056,-70
118439,208192,118509,208262,-70
146467,336302,146537,336372,-70
154582,565229,154652,565299,-70
97968,208435,98038,208505,-70
356786,23699,356856,23766,-70
217834,119967,217904,120037,-70
118439,210986,118509,211056,-70
118439,208435,118509,208505,-70
217834,337995,217904,338065,-70
217834,336302,217904,336372,-70
148202,285016,148272,285091,-70
217834,208192,217904,208262,-70
247961,565229,248031,565299,-70
148202,565229,148272,565299,-70
473008,346720,473078,346790,-70
473008,404476,473078,404546,-70
473008,565229,473078,565299,-70
146467,285016,146537,285091,-70
217834,139678,217904,139748,-70
816221,565229,816291,565299,-70
217834,210986,217904,211056,-70
217834,208435,217904,208505,-70
140438,337995,140508,338065,-70
816221,337797,816291,337867,-70
816221,285016,816291,285091,-70
118439,70321,118509,70391,-70
154582,346720,154652,346790,-70
140438,346720,140508,346790,-70
146467,346720,146537,346790,-70
9959,117986,10029,118057,-70
147087,404476,147157,404546,-70
148202,119967,148272,120037,-70
148202,404476,148272,404546,-70
804672,197644,804742,197707,-70
31574,16436,31644,16503,-70
149066,404476,149136,404546,-70
118439,565229,118509,565299,-70
140438,565229,140508,565299,-70
45524,184543,45594,184623,-70
146467,565229,146537,565299,-70
9974,14498,10044,14568,-70
128891,15314,128961,15384,-70
31190,15906,31260,15972,-70
147087,565229,147157,565299,-70
149066,565229,149136,565299,-70
258150,188477,258220,188545,-70
45272,187402,45342,187468,-70
45272,184836,45342,184902,-70
1760,683387,1830,683459,-70
217834,70321,217904,70391,-70
155185,683477,155255,683550,-70
146467,337797,146537,337867,-70
146467,337995,146537,338065,-70
147087,337797,147157,337867,-70
147087,337995,147157,338065,-70
148202,346720,148272,346790,-70
154582,615271,154652,615341,-70
118439,336302,118509,336372,-70
118439,346720,118509,346790,-70
148202,337797,148272,337867,-70
149066,337995,149136,338065,-70
140438,404476,140508,404546,-70
146467,404476,146537,404546,-70
54143,10957,54213,11029,-70
1760,682205,1830,682267,-70
1760,136747,1830,136808,-70
217834,346720,217904,346790,-70
97968,210986,98038,211056,-70
393,210986,463,211056,-70
473008,208435,473078,208505,-70
217834,565229,217904,565299,-70
154582,208192,154652,208262,-70
147087,70321,147157,70391,-70
97968,404476,98038,404546,-70
247961,285016,248031,285091,-70
473008,70321,473078,70391,-70
157109,188026,157179,188095,-70
473008,119967,473078,120037,-70
473008,139678,473078,139748,-70
146467,70321,146537,70391,-70
140438,70321,140508,70391,-70
247961,210986,248031,211056,-70
149066,70321,149136,70391,-70
149066,139678,149136,139748,-70
473008,208192,473078,208262,-70
247961,208192,248031,208262,-70
154582,337797,154652,337867,-70
473008,285016,473078,285091,-70
140438,210986,140508,211056,-70
140438,208192,140508,208262,-70
816221,615271,816291,615341,-70
154582,70321,154652,70391,-70
473008,210986,473078,211056,-70
97968,565229,98038,565299,-70
393,336302,463,336372,-70
247961,139678,248031,139748,-70
247961,119967,248031,120037,-70
247961,208435,248031,208505,-70
148202,139678,148272,139748,-70
140438,208435,140508,208505,-70
473008,337797,473078,337867,-70
97968,208192,98038,208262,-70
146467,208435,146537,208505,-70
140438,139678,140508,139748,-70
146467,208192,146537,208262,-70
217834,404476,217904,404546,-70
154582,210986,154652,211056,-70
393,208435,463,208505,-70
154582,285016,154652,285091,-70
97968,336302,98038,336372,-70
97968,346720,98038,346790,-70
146467,210986,146537,211056,-70
154582,208435,154652,208505,-70
393,208192,463,208262,-70
97968,337797,98038,337867,-70
154582,336302,154652,336372,-70
147087,139678,147157,139748,-70
369608,484208,369678,484279,-70
247961,346720,248031,346790,-70
148202,208192,148272,208262,-70
148202,208435,148272,208505,-70
97968,139678,98038,139748,-70
97968,337995,98038,338065,-70
473008,337995,473078,338065,-70
490139,14901,490208,14970,-69
490139,14710,490208,14779,-69
28155,330034,28224,330108,-69
31201,16436,31270,16503,-69
166480,14488,166549,14553,-69
229689,587531,229758,587597,-69
18375,267909,18444,267976,-69
159065,108914,159134,108984,-69
166718,100888,166787,100965,-69
174125,78767,174194,78829,-69
159130,78767,159199,78831,-69
98351,14502,98420,14572,-69
159417,37554,159486,37629,-69
41508,272675,41577,272741,-69
730936,92,731005,160,-69
98351,14901,98420,14971,-69
159417,22372,159486,22442,-69
217676,517740,217745,517806,-69
159417,24182,159486,24251,-69
217676,517948,217745,518014,-69
217676,518080,217745,518146,-69
159417,23964,159486,24034,-69
98351,14710,98420,14780,-69
40863,33912,40932,33981,-69
159417,135787,159486,135856,-69
128875,409660,128944,409725,-69
490139,22372,490208,22442,-69
166590,430689,166659,430753,-69
63652,111353,63721,111428,-69
490139,14297,490208,14366,-69
43573,272675,43642,272741,-69
41935,607702,42004,607772,-69
162770,133771,162839,133844,-69
314938,620149,315007,620219,-69
804208,394574,804277,394648,-69
9963,434713,10032,434785,-69
349279,9873,349348,9940,-69
159130,578377,159199,578442,-69
129919,604529,129987,604595,-68
797057,613624,797125,613688,-68
31035,16278,31103,16343,-68
174124,689479,174192,689548,-68
31576,16278,31644,16343,-68
170187,294836,170255,294905,-68
31376,16278,31444,16343,-68
27905,330034,27973,330108,-68
211324,26356,211392,26421,-68
435440,330479,435508,330542,-68
797051,29236,797119,29304,-68
28794,235364,28862,235436,-68
17755,108914,17823,108983,-68
807962,305129,808030,305195,-68
42277,188331,42345,188399,-68
17755,135787,17823,135855,-68
159140,140073,159208,140140,-68
214293,617764,214361,617833,-68
55567,75991,55635,76056,-68
98351,22372,98419,22440,-68
98351,37554,98419,37627,-68
98351,24182,98419,24250,-68
98351,23964,98419,24032,-68
254087,581776,254155,581842,-68
98351,108914,98419,108983,-68
213567,426077,213635,426143,-68
158969,86331,159037,86401,-68
152146,108905,152214,108974,-68
254841,581857,254909,581926,-68
800560,687502,800628,687570,-68
30862,16438,30930,16503,-68
152146,37544,152214,37613,-68
23367,19194,23435,19258,-68
155198,548792,155266,548860,-68
711662,236488,711730,236553,-68
17755,22372,17823,22440,-68
258541,607633,258609,607699,-68
211324,560627,211392,560692,-68
17738,684375,17806,684447,-68
764929,112603,764996,112672,-67
672302,17680,672369,17743,-67
181783,614173,181850,614239,-67
45040,184547,45107,184614,-67
166740,612219,166807,612290,-67
98341,15182,98408,15248,-67
272576,616508,272643,616577,-67
175950,91086,176017,91151,-67
175950,88956,176017,89021,-67
773566,23328,773633,23393,-67
166482,560619,166549,560692,-67
410097,99176,410164,99245,-67
23090,518092,23157,518157,-67
369608,483694,369675,483762,-67
214213,518885,214280,518955,-67
622676,236479,622743,236546,-67
174125,117991,174192,118057,-67
764929,587288,764996,587355,-67
168966,269412,169033,269481,-67
272578,118002,272645,118072,-67
174298,108898,174365,108965,-67
272578,15188,272645,15255,-67
29800,314852,29867,314915,-67
236668,362441,236735,362507,-67
169178,233636,169245,233695,-67
812650,403676,812717,403743,-67
32774,549826,32841,549892,-67
125277,80928,125344,80994,-67
229901,397345,229968,397412,-67
166494,15188,166561,15255,-67
97877,130995,97944,131063,-67
47656,11706,47723,11772,-67
217690,15188,217757,15255,-67
159057,134381,159124,134450,-67
229689,581842,229755,581912,-66
217679,616570,217745,616635,-66
9963,240917,10029,240983,-66
9978,14297,10044,14363,-66
44059,195748,44125,195819,-66
9978,14710,10044,14776,-66
9978,108914,10044,108981,-66
121118,15188,121184,15255,-66
121529,23439,121595,23503,-66
62547,110443,62613,110516,-66
39296,187947,39362,188009,-66
18713,18233,18779,18298,-66
166725,371129,166791,371193,-66
28289,250944,28355,251017,-66
9978,14901,10044,14967,-66
49279,10338,49345,10403,-66
171210,375603,171276,375668,-66
217717,120333,217783,120400,-66
258296,188276,258362,188343,-66
23094,616514,23160,616579,-66
258202,184543,258268,184615,-66
802472,96066,802538,96136,-66
800562,687955,800628,688021,-66
119032,290555,119098,290620,-66
180471,609693,180537,609762,-66
9978,133793,10044,133858,-66
25684,609136,25750,609200,-66
119170,231553,119236,231618,-66
9978,135787,10044,135853,-66
159402,616497,159468,616565,-66
214295,78767,214361,78835,-66
125278,80805,125344,80868,-66
258301,607924,258367,607989,-66
32499,483984,32565,484055,-66
546021,16622,546087,16686,-66
219404,79214,219470,79287,-66
9978,22372,10044,22438,-66
258301,181354,258367,181418,-66
115951,613620,116017,613687,-66
118671,231450,118737,231515,-66
45659,181354,45724,181418,-65
24575,289298,24640,289358,-65
32773,530928,32838,530990,-65
1777,15190,1842,15255,-65
152142,136742,152207,136810,-65
98340,78765,98405,78831,-65
24194,290291,24259,290355,-65
764931,616152,764996,616218,-65
272605,120333,272670,120400,-65
162783,78771,162848,78840,-65
809888,400300,809953,400363,-65
174300,120550,174365,120611,-65
196199,206965,196264,207028,-65
236099,246059,236164,246126,-65
809888,403673,809953,403737,-65
48006,10396,48071,10463,-65
45465,186828,45530,186891,-65
51473,10412,51538,10477,-65
605342,99050,605407,99121,-65
47918,186874,47983,186946,-65
1777,118004,1842,118072,-65
171211,618030,171276,618094,-65
39698,186874,39763,186946,-65
542730,303214,542795,303283,-65
797992,92,798057,156,-65
118672,231553,118737,231616,-65
16122,29248,16187,29314,-65
369608,549826,369673,549892,-65
180018,492366,180083,492423,-65
162774,14284,162839,14348,-65
764931,37362,764996,37427,-65
797059,292676,797124,292749,-65
147429,687965,147494,688033,-65
118672,290555,118737,290619,-65
119170,290555,119235,290619,-65
452137,420384,452202,420443,-65
45277,607924,45342,607989,-65
180458,687501,180523,687566,-65
45277,181354,45342,181418,-65
61938,133033,62003,133096,-65
147429,687513,147494,687582,-65
170120,186074,170184,186138,-64
504186,151285,504250,151345,-64
17750,19641,17814,19706,-64
682097,344643,682161,344706,-64
32495,483753,32559,483823,-64
137746,610365,137810,610429,-64
159132,112599,159196,112661,-64
118177,272668,118241,272729,-64
152150,135783,152214,135846,-64
23094,44573,23158,44638,-64
128117,246094,128181,246154,-64
291565,591128,291629,591189,-64
213571,429423,213635,429485,-64
62548,692400,62612,692471,-64
800572,33883,800636,33946,-64
213571,409843,213635,409905,-64
181119,687959,181183,688026,-64
216501,376040,216565,376101,-64
181119,687507,181183,687575,-64
802588,96175,802652,96244,-64
84324,47169,84388,47235,-64
216518,292684,216582,292755,-64
136308,29474,136372,29544,-64
41510,609692,41574,609755,-64
217681,682205,217745,682267,-64
9977,140077,10041,140140,-64
170116,290291,170180,290355,-64
162775,566854,162839,566918,-64
815668,47024,815732,47087,-64
162784,339965,162848,340031,-64
55594,340140,55658,340205,-64
213589,80104,213653,80169,-64
174130,578377,174194,578440,-64
217693,118006,217757,118072,-64
23082,136747,23145,136808,-63
258304,185129,258367,185191,-63
211341,118006,211404,118072,-63
123271,220372,123334,220434,-63
32284,611544,32347,611605,-63
22996,553924,23059,553988,-63
9974,19643,10037,19706,-63
159056,15306,159119,15369,-63
216487,57108,216550,57172,-63
159408,15303,159471,15369,-63
159408,434724,159471,434785,-63
122744,220542,122807,220606,-63
258304,607633,258367,607695,-63
258152,607637,258215,607700,-63
28174,613733,28237,613802,-63
800820,687956,800883,688017,-63
23082,616135,23145,616207,-63
258546,184469,258609,184531,-63
258546,184844,258609,184906,-63
258546,186836,258609,186898,-63
258546,187410,258609,187472,-63
121121,118006,121184,118072,-63
159136,518085,159199,518149,-63
17755,140078,17818,140140,-63
2402,608235,2465,608295,-63
159136,517953,159199,518017,-63
159136,517745,159199,517809,-63
490139,140078,490202,140140,-63
566221,91684,566284,91748,-63
152151,14898,152214,14960,-63
84324,360890,84387,360946,-63
147429,489583,147492,489644,-63
9974,134386,10037,134450,-63
19754,355425,19817,355486,-63
211341,15192,211404,15255,-63
98342,617767,98405,617829,-63
98342,44565,98405,44627,-63
472565,661973,472628,662033,-63
9969,339961,10032,340022,-63
159417,140078,159480,140140,-63
245678,93924,245741,93986,-63
760807,590346,760870,590403,-63
49143,10402,49206,10465,-63
152154,134390,152217,134454,-63
6135,291576,6198,291637,-63
229908,482971,229971,483035,-63
98351,140078,98414,140140,-63
245392,93924,245455,93986,-63
32512,87665,32575,87728,-63
172072,611544,172135,611605,-63
1777,616512,1840,616577,-63
181453,614173,181516,614239,-63
104335,338375,104398,338436,-63
242321,563146,242384,563205,-63
46990,607864,47053,607932,-63
124998,80846,125061,80908,-63
54905,615070,54968,615131,-63
162783,118001,162846,118063,-63
112233,130979,112296,131042,-63
764934,120560,764996,120622,-62
155218,17850,155280,17910,-62
13784,608237,13846,608297,-62
711659,546308,711721,546369,-62
229903,344476,229965,344538,-62
227208,293352,227270,293413,-62
226911,287083,226973,287149,-62
814995,403676,815057,403737,-62
814995,400303,815057,400363,-62
242020,687509,242082,687570,-62
242026,231180,242088,231242,-62
112493,151285,112555,151345,-62
213632,402121,213694,402182,-62
32515,614292,32577,614356,-62
24194,32957,24256,33019,-62
122749,220216,122811,220275,-62
214293,682203,214355,682267,-62
764934,91636,764996,91698,-62
617142,376255,617204,376316,-62
242026,614178,242088,614239,-62
242020,687961,242082,688021,-62
764934,35934,764996,35996,-62
214299,578383,214361,578446,-62
48009,11709,48071,11772,-62
242026,490516,242088,490577,-62
764934,555524,764996,555586,-62
764934,135258,764996,135320,-62
137101,29476,137163,29544,-62
125009,76654,125071,76715,-62
764934,366343,764996,366405,-62
45662,607633,45724,607695,-62
45280,607633,45342,607695,-62
764934,112712,764996,112774,-62
181117,614173,181179,614233,-62
46772,185143,46834,185207,-62
318323,483127,318385,483186,-62
32516,95943,32578,96007,-62
167799,609891,167861,609951,-62
136769,29476,136831,29544,-62
764934,409672,764996,409734,-62
764934,684396,764996,684458,-62
764934,683499,764996,683561,-62
764934,682312,764996,682374,-62
174306,518089,174368,518149,-62
174306,517957,174368,518017,-62
174306,517749,174368,517809,-62
39276,306366,39338,306427,-62
764934,614659,764996,614721,-62
137589,29476,137651,29544,-62
764934,566867,764996,566929,-62
145553,96110,145615,96170,-62
764934,685137,764996,685199,-62
147429,493133,147491,493199,-62
764934,378126,764996,378188,-62
17752,134386,17814,134450,-62
147429,609693,147491,609757,-62
125972,35751,126034,35809,-62
490136,134386,490198,134450,-62
814446,9946,814508,10006,-62
45936,187947,45998,188009,-62
27924,613733,27986,613802,-62
45280,185129,45342,185191,-62
764934,240932,764996,240994,-62
45982,184844,46044,184907,-62
23094,15315,23156,15376,-62
272571,37545,272633,37605,-62
204887,516058,204949,516117,-62
45662,185129,45724,185191,-62
490132,560635,490193,560695,-61
760801,576524,760862,576583,-61
409195,108433,409256,108494,-61
409211,484221,409272,484285,-61
491874,135511,491935,135579,-61
47662,10402,47723,10463,-61
162779,19638,162840,19698,-61
227051,402122,227112,402182,-61
159059,683401,159120,683463,-61
760436,608238,760497,608295,-61
597808,546308,597869,546369,-61
174307,133787,174368,133847,-61
225921,9950,225982,10010,-61
205375,425792,205436,425860,-61
211341,616514,211402,616577,-61
16233,682557,16294,682620,-61
31751,16435,31812,16500,-61
290998,132416,291059,132484,-61
314095,2905,314156,2966,-61
258538,188669,258599,188729,-61
12618,402122,12679,402181,-61
217684,18879,217745,18939,-61
170116,32957,170177,33019,-61
174307,617770,174368,617829,-61
363219,27334,363280,27393,-61
258538,188283,258599,188343,-61
167465,608238,167526,608296,-61
174307,578383,174368,578442,-61
214295,26359,214356,26422,-61
32653,85740,32714,85799,-61
232408,635622,232469,635681,-61
72084,23439,72145,23499,-61
9974,15188,10035,15248,-61
129412,602889,129473,602949,-61
121144,120333,121205,120395,-61
49143,11710,49204,11772,-61
45982,607931,46043,607993,-61
98262,9950,98323,10009,-61
45475,607637,45536,607700,-61
132974,608237,133035,608295,-61
43567,490194,43628,490253,-61
98345,683403,98406,683463,-61
91018,635622,91079,635681,-61
41502,490828,41563,490889,-61
154791,33122,154852,33182,-61
56351,108433,56412,108494,-61
812650,397927,812711,397987,-61
812650,397366,812711,397426,-61
50012,11710,50073,11772,-61
143183,346979,143244,347039,-61
764924,108904,764985,108965,-61
45982,181361,46043,181422,-61
39276,607578,39337,607639,-61
45982,187410,46043,187472,-61
812650,402543,812711,402604,-61
43567,490507,43628,490568,-61
810451,403676,810512,403737,-61
797069,93031,797130,93092,-61
41502,490194,41563,490253,-61
43567,490828,43628,490889,-61
41502,490507,41563,490568,-61
803518,284857,803579,284920,-61
800831,490203,800892,490262,-61
98342,26359,98403,26422,-61
810451,400303,810512,400363,-61
815411,397366,815472,397426,-61
815411,397927,815472,397987,-61
55077,17748,55138,17808,-61
815411,402543,815472,402604,-61
98341,689490,98402,689548,-61
122866,220737,122927,220798,-61
152154,14502,152214,14561,-60
156347,689644,156407,689705,-60
113672,209868,113732,209929,-60
152154,14297,152214,14356,-60
32499,482984,32559,483048,-60
98345,578383,98405,578442,-60
17747,26362,17807,26422,-60
23094,434731,23154,434791,-60
9969,91626,10029,91687,-60
122866,220283,122926,220341,-60
23094,339968,23154,340028,-60
217685,135779,217745,135838,-60
39356,186877,39416,186946,-60
811535,400084,811595,400143,-60
490133,617767,490193,617829,-60
175512,576524,175572,576583,-60
181785,687507,181845,687570,-60
181785,687959,181845,688021,-60
422205,376224,422265,376287,-60
152154,23964,152214,24023,-60
162788,578388,162848,578451,-60
490133,578383,490193,578442,-60
14766,402122,14826,402181,-60
154771,616414,154831,616474,-60
167521,116813,167581,116869,-60
152154,19646,152214,19706,-60
33735,571952,33795,572011,-60
152154,14710,152214,14769,-60
22254,355425,22314,355483,-60
214304,18888,214364,18948,-60
490133,434725,490193,434785,-60
152154,24182,152214,24241,-60
814448,620894,814508,620951,-60
214298,14497,214358,14556,-60
23094,578388,23154,578448,-60
422205,376375,422265,376439,-60
85866,420303,85926,420364,-60
152154,133793,152214,133852,-60
232412,530405,232472,530462,-60
152154,140078,152214,140138,-60
166489,617765,166549,617826,-60
98345,15311,98405,15369,-60
243346,507616,243406,507673,-60
9844,695738,9904,695799,-60
98342,409664,98402,409723,-60
162788,434731,162848,434794,-60
227518,402120,227578,402181,-60
49033,187817,49093,187881,-60
174305,378119,174365,378177,-60
148849,96112,148909,96170,-60
48754,187817,48814,187881,-60
98260,402120,98320,402178,-60
236083,7753,236143,7811,-60
243346,488405,243406,488462,-60
23094,78777,23154,78837,-60
45916,306366,45976,306426,-60
162788,617775,162848,617838,-60
127864,403263,127924,403321,-60
243346,495208,243406,495265,-60
174305,112703,174365,112763,-60
800570,493132,800630,493191,-60
448499,571031,448559,571089,-60
172126,481680,172186,481736,-60
98351,134390,98410,134450,-59
258150,184843,258209,184899,-59
768486,17859,768545,17916,-59
807966,623615,808025,623673,-59
152146,682301,152205,682363,-59
152146,684385,152205,684447,-59
121113,616576,121172,616635,-59
152146,685126,152205,685188,-59
152146,683488,152205,683550,-59
31575,15915,31634,15972,-59
491874,138610,491933,138674,-59
112191,189803,112250,189860,-59
174133,19641,174192,19697,-59
765926,578380,765985,578439,-59
205462,526422,205521,526480,-59
764680,14336,764739,14393,-59
204150,530405,204209,530462,-59
33735,573265,33794,573322,-59
113516,192065,113575,192127,-59
31375,15915,31434,15972,-59
66056,154973,66115,155030,-59
30171,117489,30230,117544,-59
98351,19646,98410,19706,-59
119264,231465,119323,231523,-59
765926,616149,765985,616207,-59
172134,547317,172193,547374,-59
121113,135779,121172,135838,-59
328072,483120,328131,483179,-59
17750,78772,17809,78831,-59
765930,108906,765989,108969,-59
228389,36091,228448,36152,-59
258150,187409,258209,187465,-59
177082,366777,177141,366831,-59
188898,75985,188957,76041,-59
490139,19646,490198,19706,-59
711662,236581,711721,236639,-59
765926,78770,765985,78828,-59
30861,16087,30920,16144,-59
29887,21756,29946,21815,-59
41823,184788,41882,184845,-59
711662,545041,711721,545099,-59
159417,19646,159476,19706,-59
159145,19646,159204,19706,-59
31034,15915,31093,15972,-59
214299,15306,214358,15369,-59
803676,33264,803735,33324,-59
180464,687958,180523,688017,-59
175931,29236,175990,29294,-59
166608,206044,166667,206103,-59
369616,483928,369675,483987,-59
16128,549636,16187,549696,-59
128893,118006,128952,118068,-59
45284,184469,45342,184527,-58
45284,186836,45342,186894,-58
33970,465206,34028,465261,-58
25940,309734,25998,309791,-58
491874,134506,491932,134568,-58
21957,436459,22015,436527,-58
166491,548792,166549,548849,-58
9974,78773,10032,78831,-58
800570,231178,800628,231236,-58
166729,286663,166787,286719,-58
17751,560636,17809,560695,-58
809824,172724,809882,172780,-58
31576,16089,31634,16144,-58
174310,44571,174368,44627,-58
23090,517752,23148,517809,-58
179418,484488,179476,484548,-58
9974,560637,10032,560695,-58
23090,517960,23148,518017,-58
166729,300476,166787,300533,-58
166491,78767,166549,78828,-58
350944,241862,351002,241922,-58
113672,135363,113730,135421,-58
272575,14496,272633,14553,-58
171927,290734,171985,290794,-58
139501,484086,139559,484146,-58
214297,548789,214355,548849,-58
135890,33881,135948,33939,-58
622685,544922,622743,544980,-58
122515,220399,122573,220461,-58
30862,15916,30920,15972,-58
622685,236581,622743,236639,-58
258309,184469,258367,184527,-58
597811,545041,597869,545099,-58
622685,546311,622743,546369,-58
152147,587286,152205,587344,-58
98344,683492,98402,683550,-58
9974,409588,10032,409646,-58
98344,684389,98402,684447,-58
254840,587535,254898,587594,-58
768878,616875,768936,616931,-58
159061,617770,159119,617829,-58
98344,682305,98402,682363,-58
98344,685130,98402,685188,-58
155197,434724,155255,434782,-58
161267,402122,161325,402178,-58
227517,620893,227575,620951,-58
118189,616383,118247,616440,-58
234503,530405,234561,530462,-58
55571,57095,55629,57151,-58
206901,518587,206959,518642,-58
155201,134386,155259,134445,-58
152147,434725,152205,434782,-58
12618,9950,12676,10006,-58
750050,355428,750108,355486,-58
159061,44568,159119,44627,-58
12618,620895,12676,620951,-58
152147,339961,152205,340019,-58
235838,205194,235896,205252,-58
55963,222139,56021,222197,-58
225920,402120,225978,402178,-58
31202,16089,31260,16144,-58
491874,141060,491932,141122,-58
213796,620895,213854,620955,-58
17751,409587,17809,409646,-58
31376,16089,31434,16144,-58
1772,14496,1830,14553,-58
122866,220911,122924,220968,-58
122866,220550,122924,220605,-58
9974,15311,10032,15369,-58
490135,339964,490193,340022,-58
162788,136757,162845,136814,-57
207251,425792,207308,425857,-57
205375,427913,205432,427977,-57
258152,185133,258209,185188,-57
98348,379834,98405,379890,-57
205375,429465,205432,429529,-57
464082,530448,464139,530506,-57
214304,339968,214361,340026,-57
29887,80404,29944,80460,-57
33770,571682,33827,571739,-57
155198,44565,155255,44624,-57
207251,426123,207308,426188,-57
174137,133790,174194,133845,-57
155198,339961,155255,340019,-57
27521,186945,27578,187004,-57
800831,490837,800888,490893,-57
258152,186836,258209,186891,-57
491221,141064,491278,141121,-57
214304,434731,214361,434789,-57
29887,367478,29944,367534,-57
207251,429465,207308,429530,-57
227051,620895,227108,620951,-57
491221,135515,491278,135572,-57
800831,490516,800888,490572,-57
272576,548790,272633,548849,-57
491221,134510,491278,134567,-57
491221,137022,491278,137079,-57
9972,112603,10029,112661,-57
242026,33883,242083,33940,-57
207251,427913,207308,427978,-57
155198,108907,155255,108965,-57
213633,9950,213690,10006,-57
272576,23957,272633,24015,-57
166837,253141,166894,253194,-57
98345,35929,98402,35985,-57
491221,138614,491278,138671,-57
272576,24175,272633,24233,-57
98345,378121,98402,378177,-57
174311,379834,174368,379890,-57
14766,620895,14823,620951,-57
205375,426123,205432,426187,-57
162782,616579,162839,616635,-57
9972,616507,10029,616565,-57
45667,184844,45724,184902,-57
98345,616152,98402,616207,-57
45667,184469,45724,184527,-57
40775,184788,40832,184845,-57
258554,185264,258611,185320,-57
155198,578383,155255,578439,-57
9976,683406,10033,683463,-57
258152,184469,258209,184524,-57
27521,187588,27578,187647,-57
214301,133790,214358,133847,-57
254706,553546,254763,553601,-57
532323,75838,532380,75900,-57
2567,388352,2624,388408,-57
214304,518095,214361,518153,-57
214304,517963,214361,518021,-57
155198,617770,155255,617826,-57
33503,573036,33560,573091,-57
490133,689491,490190,689548,-57
214304,517755,214361,517813,-57
490133,548792,490190,548849,-57
490133,118002,490190,118057,-57
385909,14336,385966,14393,-57
204150,635626,204207,635681,-57
213796,402122,213853,402179,-57
17752,339965,17809,340022,-57
159417,15192,159474,15248,-57
91022,530405,91079,530460,-57
213633,620895,213690,620951,-57
121115,682212,121172,682267,-57
822214,705660,822271,705720,-57
180471,272677,180528,272732,-57
490136,409588,490193,409646,-57
181459,231180,181516,231242,-57
110027,151827,110084,151884,-57
174135,108907,174192,108965,-57
490139,15192,490196,15248,-57
34066,191778,34123,191835,-57
45667,187410,45724,187468,-57
45667,186836,45724,186894,-57
174135,548792,174192,548849,-57
214298,134385,214355,134441,-57
135892,614178,135948,614233,-56
391966,138242,392022,138294,-56
135892,490516,135948,490572,-56
135892,490837,135948,490893,-56
17753,617773,17809,617829,-56
174138,409588,174194,409644,-56
32034,209215,32090,209270,-56
135892,490203,135948,490257,-56
34066,135291,34122,135347,-56
17753,578386,17809,578442,-56
17750,616151,17806,616207,-56
34066,112745,34122,112801,-56
135892,231180,135948,231236,-56
162783,616150,162839,616207,-56
135892,493133,135948,493189,-56
162784,134386,162840,134442,-56
181789,493133,181845,493189,-56
162786,26369,162842,26425,-56
1774,26366,1830,26421,-56
121116,18883,121172,18939,-56
41511,614178,41567,614234,-56
242026,493133,242082,493189,-56
174138,14498,174194,14554,-56
181123,493133,181179,493189,-56
491876,137019,491932,137080,-56
34066,566900,34122,566956,-56
1774,134386,1830,134441,-56
213796,9950,213852,10006,-56
211336,14498,211392,14553,-56
9976,44571,10032,44627,-56
490137,379834,490193,379890,-56
272577,134385,272633,134441,-56
211336,37550,211392,37605,-56
236118,118742,236174,118799,-56
234503,635626,234559,635681,-56
800572,490203,800628,490257,-56
227519,9950,227575,10006,-56
240792,247827,240848,247883,-56
17753,379834,17809,379890,-56
211336,134386,211392,134441,-56
272577,108906,272633,108965,-56
800572,490516,800628,490572,-56
94376,545194,94432,545250,-56
151682,388352,151738,388408,-56
166493,37548,166549,37605,-56
800572,490837,800628,490893,-56
34066,555557,34122,555613,-56
764929,434727,764985,434782,-56
114285,192298,114341,192352,-56
98752,284016,98808,284067,-56
765929,23956,765985,24015,-56
166493,339964,166549,340019,-56
765929,24174,765985,24233,-56
34066,44606,34122,44665,-56
155199,91629,155255,91687,-56
773566,92,773622,149,-56
23092,560640,23148,560695,-56
800572,614178,800628,614233,-56
34066,366376,34122,366432,-56
181123,33883,181179,33939,-56
181789,33883,181845,33939,-56
174138,26366,174194,26422,-56
34131,684205,34187,684261,-56
34066,378159,34122,378215,-56
17754,683406,17810,683463,-56
797654,635626,797710,635681,-56
184333,500184,184389,500243,-56
34066,35967,34122,36023,-56
28789,470863,28845,470916,-56
34066,379869,34122,379928,-56
181123,231180,181179,231236,-56
242026,490203,242082,490257,-56
223521,344015,223577,344070,-56
128890,134387,128946,134445,-56
797654,530405,797710,530460,-56
764929,37548,764985,37605,-56
23090,135255,23145,135309,-55
55603,340244,55658,340298,-55
272578,15311,272633,15366,-55
272578,26366,272633,26421,-55
174310,683497,174365,683550,-55
14159,132609,14214,132664,-55
174310,684394,174365,684447,-55
174310,685135,174365,685188,-55
9974,120556,10029,120611,-55
174310,683406,174365,683459,-55
258554,187111,258609,187165,-55
217690,15311,217745,15366,-55
272578,78773,272633,78828,-55
217690,14898,217745,14952,-55
272578,560637,272633,560692,-55
174310,682310,174365,682363,-55
258554,187754,258609,187808,-55
272578,339965,272633,340019,-55
52111,11720,52166,11773,-55
52182,10422,52237,10477,-55
180471,616383,180526,616437,-55
55606,340069,55661,340123,-55
23090,682212,23145,682267,-55
174311,26367,174366,26422,-55
162784,24177,162839,24233,-55
43168,184790,43223,184845,-55
166494,15311,166549,15366,-55
174310,616154,174365,616207,-55
98351,18888,98406,18943,-55
9977,517754,10032,517809,-55
111720,132609,111775,132663,-55
217690,434728,217745,434782,-55
9977,517962,10032,518017,-55
162784,23959,162839,24015,-55
162784,37550,162839,37605,-55
166494,26366,166549,26421,-55
765930,134385,765985,134441,-55
765930,91632,765985,91687,-55
152150,37361,152205,37416,-55
45475,184469,45530,184524,-55
217690,689494,217745,689548,-55
159064,379835,159119,379890,-55
32788,483931,32843,483987,-55
159061,378121,159116,378177,-55
9977,518094,10032,518149,-55
162784,15311,162839,15366,-55
162784,15188,162839,15243,-55
628258,681730,628313,681785,-55
241029,246177,241084,246233,-55
152150,616580,152205,616635,-55
155204,19646,155259,19701,-55
159061,616152,159116,616207,-55
490139,683408,490194,683463,-55
152150,682214,152205,682267,-55
490138,518093,490193,518149,-55
490138,517961,490193,518017,-55
159061,682307,159116,682363,-55
159061,683494,159116,683550,-55
159061,684391,159116,684447,-55
159061,685132,159116,685188,-55
490138,517753,490193,517809,-55
490135,240926,490190,240983,-55
159145,18888,159200,18943,-55
159417,683408,159472,683463,-55
47391,33032,47446,33087,-55
159417,18888,159472,18943,-55
159061,689494,159116,689548,-55
242023,272674,242078,272729,-55
162784,14498,162839,14553,-55
17754,44571,17809,44627,-55
45475,185133,45530,185188,-55
39648,184790,39703,184845,-55
17755,18888,17810,18943,-55
172700,241234,172755,241291,-55
174137,240926,174192,240983,-55
159061,37362,159116,37416,-55
162784,91633,162839,91687,-55
819264,254951,819319,255004,-55
9978,18888,10033,18943,-55
258152,181208,258207,181261,-55
159061,91633,159116,91687,-55
162784,240928,162839,240983,-55
174139,379834,174194,379888,-55
214304,140078,214359,140135,-55
118618,231075,118673,231128,-55
155200,133790,155255,133844,-55
765212,23189,765267,23244,-55
166725,548499,166780,548553,-55
162784,560637,162839,560692,-55
128889,614652,128944,614712,-55
54942,592466,54997,592522,-55
764930,18884,764985,18939,-55
9974,616152,10029,616207,-55
23090,555521,23145,555575,-55
222954,302087,223009,302142,-55
765930,14497,765985,14553,-55
166725,96842,166780,96895,-55
765930,240927,765985,240983,-55
162784,120556,162839,120611,-55
730932,23325,730987,23379,-55
362849,27343,362904,27398,-55
765934,689497,765989,689552,-55
88131,427303,88186,427355,-55
157642,341729,157697,341784,-55
159061,35929,159116,35985,-55
217690,108910,217745,108965,-55
767910,355428,767965,355483,-55
490139,18888,490194,18943,-55
157142,337962,157197,338016,-55
765930,35928,765985,35985,-55
765930,378120,765985,378177,-55
166494,134386,166549,134441,-55
155200,240926,155255,240983,-55
748877,23325,748932,23379,-55
47052,187420,47107,187477,-55
490136,26366,490191,26422,-55
214301,683406,214355,683459,-54
17752,240928,17806,240983,-54
98348,112710,98402,112763,-54
98348,366341,98402,366394,-54
211758,614691,211812,614746,-54
98351,560641,98405,560695,-54
98351,518095,98405,518149,-54
98351,517963,98405,518017,-54
98351,434731,98405,434785,-54
98351,339968,98405,340022,-54
23094,140078,23148,140133,-54
17755,434731,17809,434785,-54
23094,409591,23148,409646,-54
17752,548795,17806,548849,-54
118187,493132,118241,493185,-54
121118,78773,121172,78828,-54
121118,108910,121172,108965,-54
815298,542662,815352,542720,-54
24689,148446,24743,148500,-54
9978,578388,10032,578442,-54
118187,489582,118241,489635,-54
121118,434728,121172,434782,-54
53907,10423,53961,10477,-54
214304,135787,214358,135841,-54
122870,220439,122924,220493,-54
214304,37554,214358,37608,-54
9978,617775,10032,617829,-54
17752,616581,17806,616635,-54
118189,33883,118243,33936,-54
9978,379836,10032,379890,-54
52953,10423,53007,10477,-54
214304,22372,214358,22426,-54
211758,682344,211812,682399,-54
211758,683531,211812,683586,-54
211758,684428,211812,684483,-54
211758,685169,211812,685224,-54
220921,609624,220975,609677,-54
23094,37554,23148,37608,-54
9976,26369,10030,26422,-54
214304,14710,214358,14764,-54
121118,14898,121172,14952,-54
121118,15311,121172,15366,-54
214304,23964,214358,24018,-54
17755,517963,17809,518017,-54
214304,24182,214358,24236,-54
17755,518095,17809,518149,-54
214304,14297,214358,14351,-54
214304,14901,214358,14955,-54
155201,120556,155255,120611,-54
764931,689494,764985,689548,-54
174138,134386,174192,134441,-54
174138,91633,174192,91687,-54
139501,616414,139555,616470,-54
174314,37554,174368,37608,-54
490136,91633,490190,91687,-54
23094,24182,23148,24236,-54
174314,24182,174368,24236,-54
174314,23964,174368,24018,-54
490136,120556,490190,120611,-54
490139,78777,490193,78831,-54
174314,14297,174368,14351,-54
174314,18888,174368,18942,-54
174314,14901,174368,14955,-54
174314,14710,174368,14764,-54
174314,14502,174368,14556,-54
23094,23964,23148,24018,-54
152151,18885,152205,18939,-54
159414,689494,159468,689548,-54
152151,689494,152205,689548,-54
174314,22372,174368,22426,-54
490139,44573,490193,44627,-54
765931,339965,765985,340019,-54
490139,15315,490193,15369,-54
174140,517753,174194,517807,-54
174314,434731,174368,434785,-54
41509,493132,41563,493185,-54
174314,409591,174368,409646,-54
41509,489582,41563,489635,-54
765931,616581,765985,616635,-54
174311,366341,174365,366394,-54
43574,231178,43628,231232,-54
174314,339968,174368,340022,-54
41509,231178,41563,231232,-54
765931,560637,765985,560692,-54
45982,188478,46036,188534,-54
765931,548795,765985,548849,-54
174314,140078,174368,140133,-54
174314,135787,174368,135841,-54
23094,135787,23148,135841,-54
765931,409588,765985,409642,-54
174138,120556,174192,120611,-54
170187,117361,170241,117414,-54
152151,15188,152205,15243,-54
174140,517961,174194,518015,-54
152151,15311,152205,15366,-54
155201,14498,155255,14553,-54
159417,379836,159471,379890,-54
23094,22372,23148,22426,-54
764931,78773,764985,78828,-54
159417,339968,159471,340022,-54
159145,339968,159199,340022,-54
155201,26366,155255,26421,-54
765931,37550,765985,37605,-54
157125,184542,157179,184597,-54
155201,409588,155255,409642,-54
159417,44573,159471,44627,-54
159417,78777,159471,78831,-54
159142,135256,159196,135309,-54
160157,91686,160211,91739,-54
764931,14898,764985,14952,-54
764931,15188,764985,15243,-54
764931,15311,764985,15366,-54
765931,15188,765985,15243,-54
765931,15311,765985,15366,-54
152151,78773,152205,78828,-54
159417,409591,159471,409646,-54
159145,434731,159199,434785,-54
154771,484086,154825,484140,-54
764931,135784,764985,135838,-54
23094,14710,23148,14764,-54
152151,616152,152205,616207,-54
159417,578388,159471,578442,-54
765931,120556,765985,120611,-54
765931,118002,765985,118057,-54
159414,566863,159468,566918,-54
23094,14297,23148,14351,-54
587625,341729,587679,341784,-54
23094,15192,23148,15246,-54
159417,560641,159471,560695,-54
39925,184790,39979,184845,-54
159142,555522,159196,555575,-54
159145,560641,159199,560695,-54
23094,14901,23148,14955,-54
23094,14502,23148,14556,-54
159417,518095,159471,518149,-54
159417,517963,159471,518017,-54
159417,517755,159471,517809,-54
159414,614655,159468,614710,-54
174140,518093,174194,518147,-54
159417,617775,159471,617829,-54
16114,88943,16168,88996,-54
800829,33881,800883,33935,-54
127310,81994,127364,82046,-54
180471,614178,180525,614231,-54
128890,120557,128944,120613,-54
800829,272674,800883,272729,-54
34066,37398,34120,37452,-54
17752,118002,17806,118057,-54
17752,120556,17806,120611,-54
121118,689494,121172,689548,-54
135523,186949,135577,187004,-54
127870,407595,127924,407646,-54
118189,687513,118243,687567,-54
135523,187592,135577,187647,-54
800570,489582,800624,489635,-54
118189,687965,118243,688018,-54
128890,366341,128944,366396,-54
43574,493132,43628,493185,-54
43574,489582,43628,489635,-54
23094,133793,23148,133847,-54
128890,240929,128944,240985,-54
135890,272674,135944,272729,-54
174314,560641,174368,560695,-54
128890,112710,128944,112765,-54
129392,346988,129446,347042,-54
17752,91633,17806,91687,-54
272717,18243,272771,18294,-54
166496,23962,166549,24015,-53
174141,15315,174194,15367,-53
23092,118005,23145,118057,-53
245612,337962,245665,338015,-53
128890,133791,128943,133844,-53
272580,683406,272633,683459,-53
765932,112710,765985,112763,-53
17753,112710,17806,112763,-53
180470,231178,180523,231232,-53
800571,609692,800624,609745,-53
1777,23962,1830,24015,-53
765932,133791,765985,133844,-53
166496,24180,166549,24233,-53
490137,366341,490190,366394,-53
174141,14901,174194,14953,-53
245326,337962,245379,338015,-53
9976,683497,10029,683550,-53
9976,682310,10029,682363,-53
211339,518094,211392,518146,-53
159143,120559,159196,120611,-53
211339,517962,211392,518014,-53
155202,112710,155255,112763,-53
211758,587325,211811,587379,-53
118188,609692,118241,609745,-53
152154,118006,152207,118058,-53
211339,517754,211392,517806,-53
155204,136757,155257,136810,-53
1777,37552,1830,37605,-53
211339,140077,211392,140129,-53
211758,616188,211811,616242,-53
159143,240931,159196,240983,-53
211758,91668,211811,91722,-53
128890,14499,128943,14553,-53
155202,366341,155255,366394,-53
720278,635622,720331,635675,-53
128893,19646,128946,19701,-53
155202,379834,155255,379887,-53
128890,26367,128943,26421,-53
128891,35933,128944,35987,-53
9976,685135,10029,685188,-53
684522,687322,684575,687376,-53
9976,684394,10029,684447,-53
1777,339964,1830,340019,-53
174141,22372,174194,22424,-53
9976,378124,10029,378177,-53
17753,366341,17806,366394,-53
174141,14297,174194,14349,-53
174141,15192,174194,15244,-53
174141,18888,174194,18940,-53
765932,366341,765985,366394,-53
1777,78775,1830,78828,-53
13833,84839,13886,84891,-53
174141,14710,174194,14762,-53
765932,379834,765985,379887,-53
155204,118006,155257,118058,-53
216510,95047,216563,95099,-53
118296,85887,118349,85940,-53
174141,135787,174194,135839,-53
47052,186846,47105,186900,-53
27156,185503,27209,185553,-53
764934,548798,764987,548850,-53
41008,195954,41061,196008,-53
1777,560639,1830,560692,-53
174141,140078,174194,140131,-53
128891,684395,128944,684449,-53
128891,683498,128944,683552,-53
128890,578386,128943,578439,-53
128891,682311,128944,682365,-53
174139,366341,174192,366394,-53
34070,196978,34123,197030,-53
162786,378124,162839,378177,-53
128890,617773,128943,617826,-53
162786,409670,162839,409723,-53
386153,303334,386206,303384,-53
765932,617773,765985,617826,-53
217692,136755,217745,136808,-53
128891,616155,128944,616209,-53
128891,685136,128944,685190,-53
174139,112710,174192,112763,-53
1777,24180,1830,24233,-53
785747,478703,785800,478753,-53
174141,44573,174194,44625,-53
162786,44571,162839,44624,-53
162786,683497,162839,683550,-53
162786,35932,162839,35985,-53
162786,682310,162839,682363,-53
128890,379834,128943,379887,-53
166496,683406,166549,683459,-53
45475,181208,45528,181261,-53
1777,15313,1830,15366,-53
162786,683406,162839,683459,-53
43575,609692,43628,609745,-53
174141,24182,174194,24234,-53
174141,23964,174194,24016,-53
162786,685135,162839,685188,-53
9976,35932,10029,35985,-53
118928,231579,118981,231633,-53
128891,378125,128944,378179,-53
490137,112710,490190,112763,-53
162786,684394,162839,684447,-53
800572,616383,800624,616435,-52
496,196914,548,196967,-52
18723,57095,18775,57145,-52
765933,682310,765985,682363,-52
800831,616383,800883,616435,-52
800831,614178,800883,614230,-52
419726,546308,419778,546361,-52
490138,135256,490190,135309,-52
242026,616383,242078,616435,-52
242026,609693,242078,609745,-52
765933,684394,765985,684447,-52
812207,222116,812259,222166,-52
1778,22370,1830,22423,-52
17754,35932,17806,35985,-52
272581,518094,272633,518146,-52
272581,517754,272633,517806,-52
812207,560012,812259,560062,-52
23094,26370,23146,26422,-52
764933,136755,764985,136808,-52
800831,609693,800883,609745,-52
9977,135257,10029,135309,-52
697503,94828,697555,94880,-52
272581,140077,272633,140129,-52
490138,555522,490190,555575,-52
242026,489583,242078,489635,-52
765933,44571,765985,44624,-52
765933,683406,765985,683459,-52
765933,685135,765985,685188,-52
765933,683497,765985,683550,-52
272581,517962,272633,518014,-52
155203,555522,155255,555575,-52
226927,530415,226979,530465,-52
159417,26370,159469,26422,-52
128891,15191,128943,15243,-52
174140,135256,174192,135309,-52
41511,616383,41563,616435,-52
43576,614178,43628,614230,-52
43576,616383,43628,616435,-52
43576,687965,43628,688017,-52
43576,687513,43628,687566,-52
55571,18243,55623,18293,-52
118189,614178,118241,614230,-52
162787,140077,162839,140129,-52
128891,44572,128943,44624,-52
17754,685135,17806,685188,-52
166497,140077,166549,140129,-52
17754,682310,17806,682363,-52
159145,26370,159197,26422,-52
147429,272677,147481,272729,-52
137589,284575,137641,284625,-52
47052,184854,47104,184908,-52
118189,490837,118241,490889,-52
118189,490516,118241,490568,-52
123022,400011,123074,400061,-52
217693,19646,217745,19697,-52
147429,33883,147481,33935,-52
17754,683497,17806,683550,-52
217693,14502,217745,14553,-52
162787,555523,162839,555575,-52
180471,33883,180523,33935,-52
181789,616383,181841,616435,-52
128891,683407,128943,683459,-52
181123,616383,181175,616435,-52
181789,609693,181841,609745,-52
170189,118759,170241,118811,-52
152153,112608,152205,112661,-52
139432,86349,139484,86401,-52
162787,112609,162839,112661,-52
149629,86349,149681,86401,-52
128892,555523,128944,555577,-52
181123,609693,181175,609745,-52
129394,67073,129446,67125,-52
135892,489583,135944,489635,-52
47701,567874,47753,567928,-52
137101,284575,137153,284625,-52
181789,272677,181841,272729,-52
136769,284575,136821,284625,-52
136310,284575,136362,284625,-52
128891,140075,128943,140129,-52
128892,135257,128944,135311,-52
128892,112609,128944,112663,-52
147429,231180,147481,231232,-52
128891,78776,128943,78828,-52
181123,272677,181175,272729,-52
159064,112711,159116,112763,-52
217693,22372,217745,22423,-52
217693,14297,217745,14348,-52
217693,24182,217745,24233,-52
217693,23964,217745,24015,-52
162787,518094,162839,518146,-52
147429,616383,147481,616435,-52
147429,614178,147481,614230,-52
155203,517753,155255,517806,-52
217693,409591,217745,409642,-52
217693,548798,217745,548849,-52
109608,189191,109660,189242,-52
33242,608235,33294,608285,-52
155203,517961,155255,518014,-52
217693,560641,217745,560692,-52
217693,339968,217745,340019,-52
155203,518093,155255,518146,-52
166497,517754,166549,517806,-52
217693,578388,217745,578439,-52
166497,517962,166549,518014,-52
217693,617775,217745,617826,-52
166497,518094,166549,518146,-52
17754,378124,17806,378177,-52
162788,548798,162840,548851,-52
217693,683408,217745,683459,-52
41511,33883,41563,33935,-52
43576,33883,43628,33935,-52
76330,414539,76382,414589,-52
152154,548798,152206,548851,-52
162787,517754,162839,517806,-52
162787,517962,162839,518014,-52
162787,135257,162839,135309,-52
46772,184854,46824,184907,-52
47044,184642,47096,184694,-52
217693,37554,217745,37605,-52
121120,136755,121172,136808,-52
217693,133793,217745,133844,-52
45982,181208,46034,181261,-52
217693,134390,217745,134441,-52
118912,231075,118964,231128,-52
217693,140078,217745,140129,-52
155203,135256,155255,135309,-52
147429,490516,147481,490568,-52
217693,26370,217745,26421,-52
159064,366342,159116,366394,-52
147429,490837,147481,490889,-52
217693,14710,217745,14761,-52
147429,490203,147481,490253,-52
765934,37365,765985,37416,-51
155204,24182,155255,24233,-51
155204,37554,155255,37605,-51
155204,37365,155255,37416,-51
152154,26370,152205,26421,-51
49712,11720,49763,11772,-51
159417,35934,159468,35985,-51
159417,37365,159468,37416,-51
152154,35934,152205,35985,-51
49712,10412,49763,10463,-51
159145,35934,159196,35985,-51
159145,37365,159196,37416,-51
155204,35934,155255,35985,-51
764934,26370,764985,26421,-51
152154,44573,152205,44624,-51
155204,78777,155255,78828,-51
764934,44573,764985,44624,-51
159065,112610,159116,112661,-51
159145,91636,159196,91687,-51
159417,136757,159468,136808,-51
155204,140078,155255,140129,-51
152154,240932,152205,240983,-51
159417,240932,159468,240983,-51
152154,366343,152205,366394,-51
159417,366343,159468,366394,-51
152154,379836,152205,379887,-51
152154,378126,152205,378177,-51
155204,378126,155255,378177,-51
159417,378126,159468,378177,-51
152154,409672,152205,409723,-51
152154,517755,152205,517806,-51
152154,517963,152205,518014,-51
152154,518095,152205,518146,-51
159145,548798,159196,548849,-51
159417,548798,159468,548849,-51
152154,555524,152205,555575,-51
155204,560641,155255,560692,-51
159065,555524,159116,555575,-51
159417,555524,159468,555575,-51
152154,566867,152205,566918,-51
159065,566867,159116,566918,-51
159145,566867,159196,566918,-51
159417,135258,159468,135309,-51
159065,135258,159116,135309,-51
159145,136757,159196,136808,-51
48300,10412,48351,10463,-51
159417,91636,159468,91687,-51
152154,112712,152205,112763,-51
152154,120560,152205,120611,-51
48300,11720,48351,11772,-51
155204,112610,155255,112661,-51
765934,22372,765985,22423,-51
765934,19646,765985,19697,-51
159145,118006,159196,118057,-51
765934,14901,765985,14952,-51
765934,14710,765985,14761,-51
765934,14297,765985,14348,-51
152154,91636,152205,91687,-51
765934,18888,765985,18939,-51
764934,24182,764985,24233,-51
764934,23964,764985,24015,-51
764934,22372,764985,22423,-51
764934,19646,764985,19697,-51
159417,112610,159468,112661,-51
159417,120560,159468,120611,-51
152154,135258,152205,135309,-51
764934,14502,764985,14553,-51
764934,14710,764985,14761,-51
764934,14297,764985,14348,-51
155204,135787,155255,135838,-51
159417,118006,159468,118057,-51
155204,23964,155255,24015,-51
764934,518095,764985,518146,-51
155204,22372,155255,22423,-51
121121,133793,121172,133844,-51
23094,37365,23145,37416,-51
23094,35934,23145,35985,-51
121121,134390,121172,134441,-51
819725,257618,819776,257667,-51
103,23328,154,23379,-51
1779,19646,1830,19697,-51
1779,14297,1830,14348,-51
1779,18888,1830,18939,-51
121121,339968,121172,340019,-51
121121,517755,121172,517806,-51
121121,517963,121172,518014,-51
121121,518095,121172,518146,-51
121121,548798,121172,548849,-51
121121,560641,121172,560692,-51
121121,578388,121172,578439,-51
1779,14710,1830,14761,-51
121121,617775,121172,617826,-51
1779,14901,1830,14952,-51
121121,683408,121172,683459,-51
128893,37365,128944,37418,-51
121121,140078,121172,140129,-51
128892,37553,128943,37605,-51
121121,37554,121172,37605,-51
121121,26370,121172,26421,-51
98351,135258,98402,135309,-51
98351,136757,98402,136808,-51
98351,120560,98402,120611,-51
98351,112610,98402,112661,-51
98351,118006,98402,118057,-51
98351,91636,98402,91687,-51
98351,548798,98402,548849,-51
98351,555524,98402,555575,-51
98351,566867,98402,566918,-51
98351,587293,98402,587344,-51
98351,616584,98402,616635,-51
98351,614659,98402,614710,-51
98351,37365,98402,37416,-51
121121,14297,121172,14348,-51
121121,14502,121172,14553,-51
121121,19646,121172,19697,-51
121121,22372,121172,22423,-51
121121,23964,121172,24015,-51
9978,37365,10029,37416,-51
121121,24182,121172,24233,-51
121121,14710,121172,14761,-51
17755,37365,17806,37416,-51
47052,607647,47103,607699,-51
46772,607647,46823,607699,-51
128893,91636,128944,91689,-51
765934,434731,765985,434782,-51
47052,184479,47103,184531,-51
46772,187420,46823,187472,-51
764934,379836,764985,379887,-51
46772,184479,46823,184531,-51
764934,339968,764985,340019,-51
146542,581401,146593,581452,-51
765934,140078,765985,140129,-51
764934,140078,764985,140129,-51
765934,136757,765985,136808,-51
765934,135258,765985,135309,-51
765934,135787,765985,135838,-51
155204,14297,155255,14348,-51
155204,14710,155255,14761,-51
764934,134390,764985,134441,-51
764934,133793,764985,133844,-51
155204,14901,155255,14952,-51
155204,15192,155255,15243,-51
155204,15315,155255,15366,-51
765934,112610,765985,112661,-51
155204,18888,155255,18939,-51
764934,517755,764985,517806,-51
764934,517963,764985,518014,-51
152154,578388,152205,578439,-51
765934,517755,765985,517806,-51
797992,23328,798043,23379,-51
125228,434219,125279,434269,-51
128892,517754,128943,517806,-51
128892,517962,128943,518014,-51
128892,518094,128943,518146,-51
765934,682216,765985,682267,-51
764934,682216,764985,682267,-51
128893,566867,128944,566920,-51
764934,683408,764985,683459,-51
128893,587293,128944,587346,-51
764934,118006,764985,118057,-51
765934,614659,765985,614710,-51
764934,616584,764985,616635,-51
765934,587293,765985,587344,-51
764934,578388,764985,578439,-51
765934,566867,765985,566918,-51
765929,554356,765980,554407,-51
765934,555524,765985,555575,-51
764934,560641,764985,560692,-51
47052,185143,47103,185195,-51
765934,518095,765985,518146,-51
765934,517963,765985,518014,-51
764934,617775,764985,617826,-51
155204,587293,155255,587344,-51
155204,566867,155255,566918,-51
159417,587293,159468,587344,-51
272582,578388,272633,578439,-51
211341,14901,211392,14952,-51
211341,19646,211392,19697,-51
272582,434731,272633,434782,-51
1779,135787,1830,135838,-51
1779,133793,1830,133844,-51
211341,14297,211392,14348,-51
211341,15315,211392,15366,-51
211341,14710,211392,14761,-51
9978,136757,10029,136808,-51
211341,22372,211392,22423,-51
211341,23964,211392,24015,-51
272582,135787,272633,135838,-51
272582,136757,272633,136808,-51
211341,24182,211392,24233,-51
272582,133793,272633,133844,-51
211341,18888,211392,18939,-51
211341,78777,211392,78828,-51
211341,108914,211392,108965,-51
211341,133793,211392,133844,-51
211341,136757,211392,136808,-51
211341,339968,211392,340019,-51
23094,689497,23145,689548,-51
23094,120560,23145,120611,-51
17755,136757,17806,136808,-51
23094,112610,23145,112661,-51
23094,112712,23145,112763,-51
174141,587293,174192,587344,-51
174314,587293,174365,587344,-51
162788,614659,162839,614710,-51
23094,108914,23145,108965,-51
174141,616156,174192,616207,-51
174141,616584,174192,616635,-51
174141,614659,174192,614710,-51
174314,616584,174365,616635,-51
174314,614659,174365,614710,-51
162788,682216,162839,682267,-51
174141,682312,174192,682363,-51
174141,683499,174192,683550,-51
174141,684396,174192,684447,-51
174141,685137,174192,685188,-51
174141,682216,174192,682267,-51
174141,683408,174192,683459,-51
174314,682216,174365,682267,-51
162788,689497,162839,689548,-51
166498,689497,166549,689548,-51
272582,689497,272633,689548,-51
9978,112712,10029,112763,-51
174314,689497,174365,689548,-51
272582,682216,272633,682267,-51
159145,587293,159196,587344,-51
17755,689497,17806,689548,-51
9978,689497,10029,689548,-51
1779,689497,1830,689548,-51
214304,118006,214355,118057,-51
23094,587293,23145,587344,-51
214304,136757,214355,136808,-51
17755,587293,17806,587344,-51
9978,587293,10029,587344,-51
1779,578388,1830,578439,-51
23094,566867,23145,566918,-51
17755,566867,17806,566918,-51
9978,566867,10029,566918,-51
17755,555524,17806,555575,-51
17750,554356,17801,554407,-51
23094,548798,23145,548849,-51
9978,548798,10029,548849,-51
1779,548798,1830,548849,-51
1779,518095,1830,518146,-51
1779,517963,1830,518014,-51
1779,517755,1830,517806,-51
6148,222139,6199,222189,-51
1779,434731,1830,434782,-51
23094,366343,23145,366394,-51
9978,366343,10029,366394,-51
214304,689497,214355,689548,-51
235928,184262,235979,184313,-51
1779,617775,1830,617826,-51
9978,614659,10029,614710,-51
214304,108914,214355,108965,-51
17755,614659,17806,614710,-51
23094,685137,23145,685188,-51
23094,684396,23145,684447,-51
272582,22372,272633,22423,-51
272582,19646,272633,19697,-51
272582,14710,272633,14761,-51
23094,683499,23145,683550,-51
211341,434731,211392,434782,-51
272582,18888,272633,18939,-51
23094,683408,23145,683459,-51
272582,14901,272633,14952,-51
272582,14297,272633,14348,-51
166498,578388,166549,578439,-51
211341,548798,211392,548849,-51
211341,578388,211392,578439,-51
23094,134390,23145,134441,-51
211341,617775,211392,617826,-51
1779,140078,1830,140129,-51
17755,682216,17806,682267,-51
211341,682216,211392,682267,-51
211341,683408,211392,683459,-51
211341,689497,211392,689548,-51
214304,19646,214355,19697,-51
9978,682216,10029,682267,-51
23094,614659,23145,614710,-51
23094,682312,23145,682363,-51
162788,587293,162839,587344,-51
272582,617775,272633,617826,-51
23094,91636,23145,91687,-51
159417,682216,159468,682267,-51
159417,682312,159468,682363,-51
155204,689497,155255,689548,-51
159145,689497,159196,689548,-51
162788,14710,162839,14761,-51
162788,22372,162839,22423,-51
162788,14901,162839,14952,-51
166498,14710,166549,14761,-51
166498,19646,166549,19697,-51
166498,14297,166549,14348,-51
490139,136757,490190,136808,-51
1779,108914,1830,108965,-51
166498,14901,166549,14952,-51
166498,18888,166549,18939,-51
166498,22372,166549,22423,-51
174314,19646,174365,19697,-51
162788,37365,162839,37416,-51
174141,37365,174192,37416,-51
490139,112610,490190,112661,-51
174141,35934,174192,35985,-51
174314,37365,174365,37416,-51
174314,91636,174365,91687,-51
162788,108914,162839,108965,-51
166498,108914,166549,108965,-51
490139,37365,490190,37416,-51
159417,685137,159468,685188,-51
490139,35934,490190,35985,-51
159417,684396,159468,684447,-51
159145,685137,159196,685188,-51
152154,614659,152205,614710,-51
152154,617775,152205,617826,-51
155204,616156,155255,616207,-51
155204,614659,155255,614710,-51
490139,685137,490190,685188,-51
490139,684396,490190,684447,-51
490139,683499,490190,683550,-51
159145,614659,159196,614710,-51
490139,682312,490190,682363,-51
490139,682216,490190,682267,-51
490139,616584,490190,616635,-51
490139,614659,490190,614710,-51
490139,616156,490190,616207,-51
490139,587293,490190,587344,-51
490139,566867,490190,566918,-51
152154,683408,152205,683459,-51
155204,682216,155255,682267,-51
155204,683408,155255,683459,-51
155204,684396,155255,684447,-51
155204,685137,155255,685188,-51
159145,682216,159196,682267,-51
159145,682312,159196,682363,-51
159145,683499,159196,683550,-51
490139,378126,490190,378177,-51
159145,684396,159196,684447,-51
159417,683499,159468,683550,-51
162788,112712,162839,112763,-51
23094,19646,23145,19697,-51
166498,682216,166549,682267,-51
174314,240932,174365,240983,-51
166729,253072,166780,253122,-51
162788,366343,162839,366394,-51
162788,379836,162839,379887,-51
174141,378126,174192,378177,-51
166498,434731,166549,434782,-51
174141,112610,174192,112661,-51
174314,134390,174365,134441,-51
174141,136757,174192,136808,-51
166498,136757,166549,136808,-51
166498,135787,166549,135838,-51
174314,136757,174365,136808,-51
162783,554357,162834,554407,-51
174314,555524,174365,555575,-51
174314,548798,174365,548849,-51
174314,118006,174365,118057,-51
174314,566867,174365,566918,-51
174314,112610,174365,112661,-51
174141,566867,174192,566918,-51
166498,133793,166549,133844,-51
387242,11720,387293,11772,-51
174314,135258,174365,135309,-51
162788,135787,162839,135838,-51
6148,560035,6198,560084,-50
234503,9265,234553,9316,-50
232412,9265,232462,9314,-50
29887,314760,29937,314810,-50
41709,195954,41759,196004,-50
369033,618067,369083,618117,-50
229927,619959,229977,620009,-50
29887,239395,29937,239445,-50
217733,196979,217783,197029,-50
69335,291588,69385,291637,-50
55963,291588,56013,291637,-50
9974,554358,10024,554407,-50
55963,561372,56013,561421,-50
6148,561372,6198,561421,-50
121601,301905,121651,301955,-50
55963,560035,56013,560084,-50
820004,53181,820054,53230,-50
91022,9265,91072,9314,-50
29336,436552,29386,436602,-50
128893,689497,128943,689548,-50
128893,136757,128943,136808,-50
128893,339968,128943,340019,-50
128893,135787,128943,135838,-50
136651,610842,136701,610891,-50
137029,610469,137079,610520,-50
128893,108914,128943,108965,-50
803561,33022,803611,33075,-50
128893,682216,128943,682267,-50
797654,9265,797704,9314,-50
205386,426983,205436,427033,-50
205530,80100,205580,80150,-50
128893,409591,128943,409642,-50
128893,616584,128943,616635,-50
128893,24182,128943,24233,-50
128893,548798,128943,548849,-50
204150,9265,204200,9314,-50
128893,560641,128943,560692,-50
128893,434731,128943,434782,-50
128893,23964,128943,24015,-50
128893,22372,128943,22423,-50
128893,18888,128943,18939,-50
128893,14710,128943,14761,-50
128893,14901,128943,14952,-50
128893,14297,128943,14348,-50
316107,617049,316156,617098,-49
385241,195564,385290,195614,-49
697511,92529,697560,92579,-49
111331,130995,111380,131046,-49
123284,220829,123333,220876,-49
272621,196979,272670,197029,-49
308248,592476,308297,592525,-49
419729,236488,419778,236538,-49
720282,9265,720331,9314,-49
113735,357874,113784,357924,-49
720282,530405,720331,530454,-49
119991,434449,120040,434497,-49
419729,544922,419778,544972,-49
256470,553454,256519,553502,-49
419729,545041,419778,545091,-49
385241,195776,385289,195825,-48
358698,616206,358746,616254,-48
29726,694238,29774,694285,-48
194650,541029,194698,541076,-48
27530,607696,27578,607746,-48
32512,220125,32560,220174,-48
665070,541029,665117,541076,-47
168558,581866,168605,581913,-47
115966,688497,116013,688545,-47
135646,436480,135693,436527,-47
668066,541029,668113,541076,-47
207261,426983,207308,427030,-47
697508,683917,697555,683964,-47
21767,350652,21814,350700,-47
24266,436480,24313,436527,-47
667084,541029,667131,541076,-47
59932,301908,59979,301955,-47
21649,355708,21695,355754,-46
773559,139728,773605,139774,-46
385241,183715,385287,183761,-46
214304,554361,214350,554407,-46
63747,111434,63793,111480,-46
14473,23182,14519,23228,-46
797985,139728,798031,139774,-46
385241,195934,385287,195980,-46
192601,301909,192647,301955,-46
765212,578701,765257,578746,-45
111113,151827,111158,151872,-45
32034,208576,32079,208621,-45
765212,578308,765257,578353,-45
32034,208084,32079,208129,-45
32034,208333,32079,208378,-45
